1 2
1 3
2 4
4 5
5 6
3 7
6 8
6 9
4 10
3 11
2 12
3 13
5 14
13 15
15 16
3 17
12 18
8 19
18 20
13 21
4 22
14 23
2 24
7 25
22 26
1 27
14 28
10 29
21 30
28 31
26 32
4 33
22 34
10 35
8 36
14 37
27 38
25 39
6 40
10 41
33 42
9 43
8 44
4 45
17 46
11 47
21 48
40 49
35 50
3 51
15 52
52 53
21 54
29 55
38 56
24 57
51 58
2 59
49 60
39 61
38 62
8 63
48 64
4 65
48 66
16 67
14 68
3 69
40 70
20 71
45 72
33 73
10 74
9 75
22 76
40 77
66 78
11 79
24 80
14 81
20 82
42 83
31 84
43 85
72 86
59 87
21 88
26 89
28 90
36 91
33 92
16 93
86 94
35 95
22 96
39 97
30 98
21 99
76 100
34 87
15 29
26 46
38 67
17 99
12 26
74 82
29 58
42 62
21 70
11 88
53 96
17 24
20 87
13 18
46 89
84 94
8 50
95 97
28 37
18 79
19 53
47 89
16 48
70 86
3 89
15 17
29 78
39 76
55 75
36 46
25 29
71 100
1 33
6 93
9 73
23 28
16 32
27 44
32 44
87 100
71 76
9 41
13 100
35 66
28 44
88 100
20 53
19 59
5 33
38 40
33 38
6 63
17 67
35 51
11 30
60 75
24 78
37 52
84 87
35 84
46 51
17 40
63 93
32 64
7 46
54 82
10 95
31 35
42 93
40 71
41 49
37 83
24 60
56 57
48 87
28 94
74 77
62 81
44 86
4 11
57 67
17 44
45 71
9 55
12 95
13 46
61 82
19 35
26 57
34 80
86 90
15 46
69 93
63 72
17 85
15 96
77 98
46 98
42 70
46 47
32 49
51 72
74 94
65 77
3 82
60 95
46 52
19 77
40 91
57 91
67 84
10 93
3 92
61 91
16 64
32 48
36 63
15 91
10 43
75 77
70 97
3 75
67 90
4 54
4 26
20 26
37 53
32 79
1 73
30 53
67 74
4 42
30 42
23 79
54 81
20 27
75 90
33 70
26 53
65 73
4 51
1 95
29 33
13 88
75 89
64 75
8 9
73 84
64 68
17 69
72 78
18 38
84 85
11 39
14 59
3 86
68 78
6 49
3 4
26 63
8 56
47 68
20 46
88 91
48 76
90 98
12 99
53 93
15 89
70 76
1 62
36 81
16 54
55 96
1 71
72 100
5 56
20 33
11 19
1 11
8 98
11 58
53 66
31 66
36 87
87 96
26 70
27 68
16 69
24 96
48 52
37 91
59 80
22 30
28 50
43 71
19 56
29 45
25 53
4 95
73 75
65 95
49 81
31 47
9 66
1 7
6 24
30 81
38 65
48 79
23 100
5 86
51 52
73 98
1 98
26 65
25 64
20 50
54 86
6 27
9 67
19 82
46 62
59 73
95 100
16 59
27 93
26 74
90 95
17 96
73 78
5 98
10 94
79 84
19 81
61 90
41 55
18 39
41 61
19 63
14 72
9 20
38 75
19 39
82 83
37 78
50 92
17 29
3 35
41 43
9 74
23 98
18 99
42 96
48 86
22 88
10 84
47 48
16 84
71 89
17 41
61 99
17 95
5 71
14 48
68 93
42 78
67 88
29 30
57 88
50 88
55 87
54 92
69 81
15 38
10 87
60 68
2 64
10 62
4 62
40 45
49 65
31 90
11 69
25 91
53 74
32 70
25 60
14 26
21 75
55 90
13 61
16 60
24 76
35 57
19 88
70 91
7 78
53 87
50 66
34 71
23 34
32 38
55 59
42 100
86 88
64 88
12 46
85 99
22 37
77 94
8 46
55 85
72 73
93 95
17 28
43 96
2 7
64 90
3 54
6 62
51 90
12 70
13 90
46 87
61 86
9 70
12 29
28 81
47 53
4 34
67 100
26 54
15 32
52 68
32 95
50 56
58 69
33 91
42 97
29 52
7 48
55 72
19 92
61 77
56 70
92 93
6 37
49 58
14 40
46 48
34 47
23 94
47 94
21 50
32 74
5 64
8 71
67 70
24 29
10 18
5 63
2 68
6 53
5 60
68 76
6 60
12 39
20 61
41 63
51 99
29 84
48 55
56 91
54 71
15 99
11 53
69 76
44 95
80 98
10 89
35 39
24 61
23 50
1 48
30 59
3 79
63 89
22 33
39 53
53 65
13 81
30 97
36 42
22 95
49 68
25 50
13 66
66 98
3 78
56 67
32 84
6 73
43 45
20 69
12 61
17 51
1 8
17 55
27 73
39 92
35 59
62 71
37 58
23 38
15 25
29 62
45 68
15 71
51 61
30 66
27 65
22 72
71 75
3 8
12 77
26 90
4 57
45 54
29 61
38 89
20 94
39 74
39 55
23 32
77 91
74 92
20 36
59 62
14 56
82 99
11 66
31 34
45 89
8 96
55 82
59 79
46 93
7 22
52 66
49 72
8 42
46 68
8 78
20 80
31 100
22 27
52 73
35 62
57 59
48 90
11 82
43 48
24 26
29 68
53 63
47 65
1 16
35 44
59 72
20 29
33 93
37 67
43 90
9 23
41 100
31 75
14 21
80 100
49 79
29 43
1 66
6 68
1 40
29 92
52 70
16 73
7 34
22 66
41 47
40 93
23 86
44 62
27 96
7 30
24 34
29 66
24 95
1 59
10 28
39 77
17 60
25 71
48 82
25 80
27 56
43 75
22 80
30 34
18 88
6 33
83 100
71 93
60 67
8 93
27 88
2 36
76 87
44 71
85 91
37 100
26 73
23 52
14 96
23 80
35 94
14 94
23 83
18 71
15 64
58 84
78 93
21 24
45 69
73 82
66 100
28 45
13 92
28 79
38 41
25 83
51 93
20 41
12 59
42 45
67 81
5 96
21 82
17 77
8 31
27 82
51 66
35 80
1 24
88 98
85 92
78 80
45 93
75 85
34 53
17 25
11 93
37 43
80 94
75 100
33 66
28 98
20 86
23 60
69 84
68 77
7 73
41 58
29 40
11 13
7 91
7 99
16 56
27 59
27 40
12 79
6 89
26 61
14 99
9 62
71 98
5 7
33 89
53 59
33 71
67 76
64 74
40 96
27 35
6 70
3 83
94 95
26 38
37 77
8 43
25 28
29 63
24 41
61 96
29 54
15 92
17 45
34 77
5 45
6 71
34 73
17 89
12 91
30 74
71 95
54 63
46 50
14 24
28 49
9 10
19 38
35 56
41 50
13 53
26 50
81 84
69 99
58 95
38 55
23 49
28 72
61 70
55 84
5 39
17 73
36 90
63 77
50 62
21 52
32 72
39 91
59 66
34 38
78 82
12 60
33 54
48 60
3 61
73 88
2 90
26 47
15 35
27 52
20 52
27 29
1 69
33 47
18 21
2 87
34 66
9 18
19 79
30 79
21 79
7 66
33 46
51 55
24 66
1 80
9 48
12 43
12 54
31 46
12 71
5 81
9 32
60 78
29 37
8 91
77 92
41 95
26 27
29 88
79 81
52 58
25 45
13 91
31 62
13 41
15 72
18 25
53 94
24 82
56 58
66 86
1 78
10 25
63 85
31 81
2 33
60 87
3 22
64 99
53 62
25 67
70 90
41 64
16 74
11 36
41 81
4 72
79 82
30 37
73 99
53 100
38 46
11 95
18 81
28 84
15 78
23 55
58 67
51 85
13 99
7 20
3 21
18 45
21 59
16 50
8 51
4 70
81 86
33 72
31 98
53 99
25 51
29 36
8 70
35 55
15 47
33 98
56 74
34 96
18 63
34 45
22 99
9 30
3 29
5 99
44 99
50 54
5 49
45 73
12 94
54 77
51 69
70 92
3 53
25 62
55 78
26 45
36 48
3 88
77 79
17 70
4 9
47 79
13 23
35 92
27 66
4 8
14 35
57 63
11 14
40 75
20 70
9 86
27 31
18 28
45 100
13 73
13 75
16 77
34 81
55 71
14 43
14 92
60 89
16 31
33 81
18 67
2 16
57 84
1 5
1 51
21 44
9 78
35 46
69 91
3 19
64 86
61 62
21 26
7 28
82 95
14 32
4 59
47 75
16 18
27 36
13 34
48 50
54 89
66 74
31 63
31 44
43 83
25 98
5 55
13 31
7 13
8 33
7 84
51 62
3 99
24 50
5 88
29 97
58 73
7 97
50 72
53 88
45 61
15 73
38 83
19 87
62 77
12 24
26 66
48 77
21 35
33 37
6 28
29 64
34 39
90 97
32 68
51 97
23 87
34 69
21 93
30 44
82 84
23 92
28 93
39 64
4 98
29 59
1 30
39 60
86 98
38 47
7 29
2 35
19 97
11 62
2 93
26 30
23 90
20 76
45 90
61 98
73 91
15 22
36 92
41 70
37 96
38 84
19 26
28 80
3 58
18 60
32 96
74 80
34 37
31 51
8 66
36 77
58 80
19 52
