1 2
2 3
2 4
1 5
2 6
5 7
1 8
3 9
4 10
1 11
3 12
4 13
11 14
12 15
5 16
3 17
3 18
16 19
5 20
3 21
5 22
7 23
21 24
17 25
23 26
20 27
2 28
23 29
15 30
17 31
23 32
23 33
22 34
25 35
4 36
1 37
35 38
10 39
9 40
10 41
35 42
25 43
35 44
36 45
18 46
19 47
25 48
19 49
6 50
26 51
3 52
33 53
39 54
34 55
21 56
45 57
50 58
13 59
58 60
51 61
51 62
24 63
25 64
41 65
52 66
61 67
55 68
12 69
44 70
28 71
20 72
17 73
4 74
43 75
37 76
57 77
52 78
66 79
15 80
5 81
81 82
29 83
41 84
63 85
11 86
26 87
10 88
60 89
22 90
69 91
90 92
8 93
34 94
71 95
27 96
5 97
47 98
13 99
2 100
60 101
71 102
6 103
7 104
21 105
39 106
16 107
83 108
91 109
6 110
53 111
42 112
49 113
26 114
19 115
103 116
77 117
104 118
70 119
119 120
108 121
18 122
100 123
106 124
44 125
62 126
10 127
107 128
97 129
23 130
3 131
120 132
62 133
98 134
47 135
56 136
75 137
38 138
119 139
125 140
11 141
100 142
42 143
75 144
78 145
86 146
70 147
137 148
30 149
69 150
50 151
63 152
23 153
3 154
126 155
46 156
4 157
33 158
35 159
77 160
35 161
48 162
79 163
163 164
82 165
78 166
35 167
147 168
9 169
78 170
50 171
170 172
25 173
112 174
59 175
108 176
59 177
87 178
109 179
111 180
162 181
96 182
37 183
147 184
173 185
26 186
148 187
58 188
165 189
144 190
85 191
113 192
62 193
156 194
157 195
21 196
98 197
126 198
28 199
179 200
138 201
102 202
65 203
191 204
5 205
168 206
34 207
196 208
70 209
203 210
175 211
177 212
88 213
113 214
65 215
118 216
39 217
189 218
203 219
206 220
191 221
29 222
220 223
25 224
184 225
35 226
32 227
210 228
66 229
110 230
16 231
157 232
182 233
87 234
139 235
235 236
43 237
75 238
15 239
5 240
121 241
27 242
79 243
89 244
128 245
184 246
35 247
52 248
201 249
43 250
193 251
249 252
13 253
55 254
229 255
143 256
166 257
194 258
222 259
8 260
9 261
190 262
58 263
234 264
61 265
202 266
56 267
140 268
45 269
22 270
27 271
136 272
27 273
258 274
45 275
258 276
10 277
256 278
24 279
53 280
180 281
250 282
86 283
215 284
154 285
12 286
122 287
239 288
117 289
85 290
281 291
187 292
146 293
175 294
230 295
103 296
228 297
290 298
254 299
74 300
147 301
81 302
10 303
144 304
82 305
296 306
107 307
149 308
284 309
130 310
289 311
15 312
7 313
124 314
138 315
204 316
291 317
28 318
110 319
279 320
160 321
298 322
73 323
296 324
77 325
229 326
201 327
152 328
126 329
292 330
163 331
33 332
203 333
115 334
114 335
301 336
70 337
84 338
156 339
139 340
332 341
126 342
185 343
204 344
269 345
56 346
216 347
266 348
67 349
69 350
16 351
188 352
119 353
117 354
5 355
349 356
244 357
229 358
116 359
52 360
289 361
336 362
309 363
166 364
255 365
349 366
94 367
103 368
116 369
71 370
200 371
223 372
92 373
319 374
245 375
69 376
51 377
365 378
317 379
264 380
254 381
20 382
49 383
312 384
115 385
101 386
42 387
290 388
205 389
214 390
344 391
28 392
55 393
342 394
201 395
323 396
361 397
372 398
101 399
59 400
145 401
178 402
104 403
343 404
58 405
282 406
351 407
358 408
61 409
377 410
56 411
228 412
169 413
208 414
286 415
58 416
222 417
272 418
361 419
209 420
265 421
7 422
422 423
148 424
297 425
163 426
163 427
189 428
247 429
235 430
412 431
248 432
288 433
146 434
104 435
153 436
148 437
46 438
326 439
37 440
358 441
100 442
355 443
400 444
11 445
440 446
200 447
424 448
32 449
248 450
35 451
157 452
262 453
387 454
278 455
205 456
274 457
437 458
194 459
409 460
456 461
68 462
68 463
375 464
56 465
187 466
457 467
375 468
327 469
373 470
122 471
116 472
209 473
209 474
384 475
41 476
61 477
270 478
7 479
459 480
466 481
237 482
428 483
291 484
185 485
348 486
417 487
292 488
272 489
267 490
155 491
389 492
205 493
237 494
24 495
4 496
163 497
443 498
348 499
303 500
117 188
41 195
18 230
48 310
191 232
181 278
71 498
288 344
22 233
87 454
226 367
108 277
16 79
218 282
269 392
45 99
59 113
336 401
216 273
186 435
268 320
19 233
67 254
73 148
244 371
67 183
7 154
301 386
308 489
182 354
90 451
16 319
137 209
227 266
380 479
386 476
408 451
351 486
9 499
199 293
445 486
161 359
277 426
100 156
49 66
77 421
177 466
2 467
43 219
417 421
153 353
377 439
217 402
377 443
230 357
86 415
83 386
145 253
253 306
158 346
182 444
288 370
107 387
321 405
18 234
231 279
69 231
258 475
98 99
186 452
284 464
40 108
31 161
20 194
291 433
325 412
206 438
139 367
92 216
67 80
341 346
77 329
58 399
314 359
270 301
1 351
183 342
254 372
187 472
160 297
380 452
96 329
262 264
243 484
38 385
111 186
474 487
116 220
42 226
217 383
149 272
117 315
115 302
123 192
103 275
161 440
248 341
23 148
38 265
449 484
262 402
100 169
102 142
111 397
37 464
111 223
78 459
113 454
79 241
145 185
395 403
57 136
163 233
209 352
359 382
423 468
177 231
146 357
20 348
225 377
68 280
7 157
83 434
144 481
299 373
50 299
2 199
36 230
260 411
286 427
214 354
120 453
128 354
124 267
468 495
60 317
129 418
34 192
146 157
324 418
305 337
94 165
293 413
129 498
227 278
255 259
47 350
361 448
43 402
90 440
100 232
217 323
163 447
183 224
191 223
475 479
124 499
57 388
11 259
285 433
197 237
165 254
62 183
125 361
14 138
240 428
215 500
196 231
59 386
105 195
22 203
296 376
30 438
104 117
451 467
410 472
39 301
332 385
93 171
199 268
173 368
167 390
56 407
92 156
260 479
83 488
362 443
367 445
448 479
221 430
287 460
153 453
107 380
343 417
175 351
253 273
144 500
334 451
146 359
459 464
47 233
67 87
196 232
227 470
342 456
134 173
31 480
168 490
160 324
216 242
6 128
13 179
92 213
276 483
251 395
284 429
190 268
283 363
307 350
128 468
35 365
15 331
166 232
151 383
173 235
38 199
122 193
134 159
50 473
158 195
240 255
108 372
258 439
81 104
134 335
330 444
443 450
99 342
63 250
4 167
73 353
113 208
263 489
15 488
65 452
28 475
41 399
113 444
116 288
51 206
146 475
101 212
130 288
65 395
147 216
177 423
71 428
55 178
51 366
109 411
108 309
161 218
222 426
40 248
154 466
165 222
25 375
337 398
369 419
338 496
16 39
74 388
1 3
284 442
99 261
1 462
259 295
73 88
140 481
269 342
145 215
29 399
93 225
207 278
375 386
57 420
292 472
419 469
165 383
308 499
251 311
264 269
179 213
340 414
2 474
52 452
75 135
410 496
73 102
14 171
240 426
119 385
41 238
141 480
33 266
75 77
59 424
313 460
152 388
49 443
132 209
379 485
229 335
128 252
69 222
101 271
16 168
79 232
178 208
144 299
340 499
262 426
191 242
88 194
39 492
173 429
163 219
175 279
58 177
262 352
383 430
149 367
127 262
260 348
373 461
9 494
95 444
73 232
408 497
50 84
115 120
283 330
372 487
161 267
313 377
420 453
64 393
206 437
87 200
233 359
240 299
154 322
145 352
296 450
181 361
52 468
307 368
28 321
18 229
324 387
84 223
243 371
12 396
187 277
332 356
109 196
161 356
142 420
66 464
286 436
127 478
242 283
170 194
315 414
317 441
233 486
133 477
143 423
32 195
49 237
215 427
3 56
25 341
212 249
62 194
343 395
178 233
28 396
154 265
45 332
443 465
94 304
12 105
22 109
284 438
81 466
12 197
232 378
231 302
24 87
89 145
126 389
13 335
35 410
49 331
196 368
63 439
64 336
180 429
42 445
82 306
206 343
375 443
270 449
122 463
229 368
152 220
125 449
268 397
401 468
227 237
348 413
224 465
46 397
58 197
149 349
142 172
193 279
167 463
108 459
129 424
238 468
146 389
206 416
226 436
14 133
399 415
178 377
174 496
382 477
270 321
50 352
244 422
367 499
274 435
119 319
231 430
148 491
268 286
6 442
52 193
71 486
382 442
63 479
79 171
23 278
276 472
59 396
250 425
383 445
79 132
365 478
138 353
308 459
215 456
188 249
74 444
353 498
319 326
382 418
19 378
74 330
193 253
366 496
223 348
122 466
330 480
207 216
306 405
202 489
7 296
30 359
206 443
42 131
47 112
6 185
40 67
356 378
68 287
167 296
240 288
153 187
152 397
108 462
10 169
174 181
80 207
211 379
34 60
175 192
251 304
58 321
251 281
33 111
222 376
21 30
159 492
101 136
365 406
158 379
277 497
45 173
204 312
376 403
104 443
367 478
245 312
118 243
158 275
370 499
234 236
63 340
183 487
277 470
20 443
209 264
2 251
281 464
115 425
154 300
101 108
284 450
348 382
422 482
321 392
78 281
129 375
192 284
266 343
223 308
117 499
168 220
202 497
94 457
197 323
22 112
245 408
98 333
186 241
129 231
434 490
9 336
135 383
26 200
249 392
111 291
129 173
21 237
378 450
305 441
138 340
17 308
118 464
421 475
309 343
451 489
270 499
368 387
298 419
3 495
34 413
219 241
405 411
48 71
42 174
209 350
69 163
76 112
137 152
17 390
49 105
101 431
403 436
216 233
119 413
113 411
53 339
235 249
50 296
122 303
281 405
22 389
212 256
59 209
149 174
62 390
103 229
1 499
343 470
261 302
305 376
82 153
147 255
93 424
291 489
119 452
29 396
3 132
24 171
223 485
206 288
281 383
129 482
90 306
52 291
104 110
203 492
95 208
171 272
37 70
56 336
127 450
445 500
152 429
202 208
139 201
278 412
352 404
125 240
216 344
200 380
69 432
162 319
436 450
27 80
138 453
477 478
174 500
300 408
68 386
400 401
301 406
33 461
133 358
308 336
292 382
21 344
31 390
83 242
67 101
231 235
279 377
82 341
118 277
223 392
16 25
130 329
142 443
166 185
122 464
101 248
95 135
13 387
91 196
246 482
307 362
376 390
274 347
239 445
37 482
38 357
226 434
249 444
90 468
168 234
182 462
419 455
268 288
119 242
60 226
98 157
337 472
151 446
267 352
309 447
183 316
292 365
173 448
342 354
162 320
441 492
262 354
87 212
50 159
87 123
226 449
87 465
192 231
161 334
280 426
144 215
112 173
266 292
9 320
266 291
140 345
142 145
108 145
339 443
106 216
96 280
159 339
55 423
330 485
267 387
86 278
81 415
9 191
130 330
10 410
151 448
249 308
402 480
373 429
334 369
386 430
124 252
116 390
3 4
93 143
60 97
38 49
53 457
356 380
448 450
160 287
94 228
186 342
41 430
36 197
194 480
156 286
168 378
263 462
291 408
17 217
233 309
252 453
191 281
32 471
30 173
147 484
154 452
170 450
69 104
15 419
29 219
82 116
340 484
52 68
60 438
341 381
129 458
55 59
152 290
167 374
235 360
122 147
68 356
238 327
28 251
163 359
226 237
73 114
55 317
421 472
68 190
384 483
238 297
89 344
133 352
188 252
202 232
51 174
175 472
126 149
255 398
275 452
110 408
28 31
285 316
221 393
24 135
60 266
123 313
194 308
160 371
57 134
295 418
266 390
39 456
407 461
12 47
151 297
36 334
23 299
24 310
108 129
12 397
351 423
300 379
132 277
332 415
387 480
40 228
5 146
2 442
222 486
219 434
68 314
340 449
142 284
91 332
22 145
349 474
201 479
404 485
22 68
48 294
220 460
150 346
36 449
25 382
193 463
275 329
173 330
150 499
60 437
73 291
4 260
34 231
241 325
237 469
196 485
346 404
159 461
72 148
117 126
17 52
371 415
226 411
244 332
453 488
85 388
86 314
8 150
333 393
48 288
327 348
19 204
278 339
12 156
222 497
91 437
172 431
298 393
3 334
78 258
163 265
194 267
211 251
168 389
186 367
335 353
106 484
203 453
145 179
203 276
164 420
237 480
119 450
1 253
89 257
89 489
219 452
271 430
252 417
308 398
101 205
134 356
13 389
21 384
290 471
147 243
71 240
346 386
120 236
49 194
253 496
391 428
78 235
87 498
131 272
123 437
307 453
308 324
353 411
211 396
44 364
82 360
97 331
462 494
424 459
99 433
15 390
288 359
20 222
20 298
349 390
103 193
158 447
39 355
63 313
17 490
164 421
180 331
311 435
104 432
29 286
50 342
310 477
203 374
19 478
204 428
168 257
10 436
184 340
397 484
26 235
49 121
137 401
1 96
236 247
56 278
340 400
49 497
6 463
254 487
15 263
238 381
191 212
264 401
177 369
482 497
230 429
93 275
78 434
118 146
221 357
20 365
265 291
357 415
35 424
118 369
98 488
385 493
6 481
32 426
235 331
75 125
156 399
167 190
80 284
299 300
77 428
29 241
364 457
367 454
102 483
93 195
70 290
113 376
93 108
316 467
73 125
460 466
471 500
121 354
316 483
121 343
105 421
291 334
90 144
43 94
229 461
133 339
75 230
22 278
133 305
264 278
148 215
30 33
45 189
45 228
83 217
368 386
346 350
265 436
449 487
91 322
29 242
177 273
63 183
202 273
80 261
289 417
113 165
256 355
5 467
176 291
280 416
9 484
164 434
334 397
155 250
328 386
229 269
17 391
167 317
359 362
41 157
257 446
39 382
53 157
307 415
383 434
151 494
133 137
3 339
83 423
227 236
211 491
320 379
308 330
274 311
298 398
212 459
287 427
388 405
38 298
27 173
286 307
101 189
77 181
107 366
95 177
6 331
93 280
44 165
152 284
63 312
325 426
323 384
90 444
182 286
370 493
297 333
228 275
315 471
273 390
70 187
188 330
42 360
255 349
131 400
41 277
48 187
19 249
243 298
150 185
335 345
279 422
51 320
144 489
358 486
50 456
346 438
25 86
216 455
4 56
40 384
433 459
68 310
95 409
132 338
28 468
155 399
46 208
269 432
246 382
20 68
190 414
16 281
9 232
182 439
39 76
38 486
223 270
368 441
272 367
65 407
21 314
367 470
54 108
139 450
20 399
271 281
239 339
121 254
50 374
245 456
248 424
113 190
57 252
122 491
234 324
38 404
307 493
38 86
205 488
432 447
15 360
79 468
15 123
62 274
352 444
259 423
144 258
401 486
65 265
32 306
40 324
149 150
124 280
85 412
35 130
72 317
99 121
171 280
37 155
198 471
317 499
148 262
22 321
138 225
195 326
190 321
20 227
319 439
42 110
66 211
124 457
180 305
203 286
153 365
401 471
26 250
261 285
80 473
343 466
70 227
190 387
331 358
142 221
115 396
414 462
316 382
150 190
259 366
31 225
134 138
60 327
1 315
92 308
270 393
58 312
322 468
19 114
249 329
225 446
259 393
103 120
299 391
351 402
268 421
39 152
24 89
240 303
282 332
277 315
19 118
341 424
417 500
106 227
232 282
85 427
66 126
180 223
389 421
292 420
407 446
94 131
204 210
149 191
269 347
344 405
3 227
43 286
254 345
272 298
171 224
115 469
93 494
28 423
112 382
62 312
195 366
171 485
63 365
135 342
381 494
297 403
62 92
22 143
128 440
25 340
16 117
215 295
27 310
379 399
122 269
95 144
354 423
58 489
147 209
122 283
426 433
101 254
206 385
64 262
161 344
29 326
104 375
59 191
16 114
86 308
12 440
5 208
281 348
9 87
280 420
227 492
34 352
87 328
136 192
241 334
427 499
8 445
459 465
118 344
23 349
387 422
256 375
159 372
191 196
269 323
189 345
189 382
35 49
216 409
435 447
43 271
30 159
170 335
97 174
198 206
59 97
32 97
42 248
360 483
30 160
41 324
314 445
188 496
44 194
89 313
345 456
421 499
243 373
97 471
32 415
62 85
427 495
10 128
136 358
59 111
38 83
460 467
65 185
230 430
22 280
223 236
37 406
89 193
192 390
173 440
332 500
53 182
333 430
330 500
158 252
84 174
46 268
371 389
83 311
153 183
70 261
273 309
47 412
108 401
348 404
69 340
244 472
296 500
108 340
242 429
255 441
199 406
126 500
58 491
174 475
192 353
11 312
314 423
190 204
310 336
170 292
236 364
378 492
147 208
368 415
103 340
31 144
410 432
78 199
176 284
292 465
309 430
237 484
295 441
47 476
76 126
36 37
76 293
63 71
134 343
306 351
253 379
366 408
67 261
124 146
65 66
239 494
188 477
33 175
171 395
157 190
118 301
105 496
23 329
30 290
141 172
384 499
124 500
40 465
2 304
6 150
11 444
235 258
100 315
105 106
347 420
266 436
172 271
98 226
241 357
373 388
262 299
198 401
337 448
68 458
147 354
94 480
75 500
28 34
174 472
114 375
204 434
439 462
78 375
75 272
283 405
19 348
208 432
68 451
150 285
309 404
224 420
5 406
43 172
69 192
103 366
208 337
114 414
68 448
367 448
237 341
405 493
40 237
151 298
340 465
436 461
40 222
205 443
370 494
71 262
399 480
147 192
51 158
82 411
57 397
226 369
139 390
184 259
308 377
380 430
53 354
56 351
15 245
16 112
40 224
8 199
90 269
27 70
170 327
59 200
104 245
155 280
41 349
264 456
287 498
201 462
91 281
35 294
41 132
56 376
13 100
276 352
67 337
72 422
176 448
9 196
180 248
217 253
25 398
290 498
177 373
39 210
1 48
101 128
253 493
310 346
265 462
387 388
22 298
321 494
56 498
265 459
361 382
157 186
67 487
21 456
316 478
410 437
407 460
147 288
386 460
120 313
30 222
75 371
36 280
292 498
437 482
359 405
255 269
138 381
118 278
321 486
138 311
264 495
11 289
268 463
45 464
161 500
148 173
34 138
234 492
83 162
239 487
26 349
163 239
32 368
61 234
199 303
218 423
49 500
95 398
197 493
147 318
51 429
62 417
288 379
123 479
70 450
377 446
231 459
73 168
27 220
358 440
58 449
48 396
93 408
198 289
8 317
21 287
234 327
404 459
303 411
269 487
15 84
105 109
167 335
71 227
446 456
363 478
256 315
428 466
35 442
17 147
5 192
146 311
220 343
167 329
35 437
432 459
230 235
171 329
192 364
319 413
127 373
317 457
175 427
427 439
146 215
230 249
83 371
156 376
6 62
144 369
28 98
277 452
138 180
135 236
281 367
66 378
314 380
395 464
143 349
76 424
240 356
129 276
406 492
150 151
368 467
167 419
23 467
1 165
76 101
234 378
81 257
82 467
166 459
7 476
214 380
133 159
61 188
50 124
153 280
214 437
26 334
54 130
41 452
238 443
249 295
17 170
87 369
442 480
178 495
105 316
164 429
44 288
122 391
211 337
54 131
427 468
286 448
275 464
271 274
74 493
278 341
118 472
127 193
14 245
180 379
46 441
177 215
23 151
3 455
241 497
207 458
148 163
31 147
199 387
167 491
295 326
227 401
269 419
191 334
14 281
138 233
134 237
157 457
56 126
35 83
389 398
130 217
157 422
396 484
33 477
391 488
21 392
301 375
11 368
239 341
347 444
178 328
135 347
80 177
279 325
27 471
125 379
457 463
77 285
46 407
127 244
358 454
77 250
149 285
146 196
353 429
245 410
306 367
17 410
142 373
329 442
32 464
5 236
42 423
157 433
18 490
244 462
275 370
81 149
202 457
5 173
1 85
175 213
4 210
58 213
263 344
70 186
301 340
159 391
9 402
160 343
131 304
345 410
115 445
177 480
95 246
148 372
126 197
63 141
259 336
447 484
257 449
228 254
1 14
159 404
6 476
450 476
99 282
258 304
370 489
81 185
9 149
9 253
183 197
143 306
16 133
38 255
337 459
14 209
23 143
308 309
26 396
137 391
409 444
117 449
217 283
372 423
32 309
227 395
3 316
139 471
450 474
152 401
130 323
160 254
52 86
82 479
308 367
50 54
206 302
369 451
60 443
42 288
13 230
150 432
145 295
331 359
229 439
132 327
74 441
131 345
84 241
57 223
137 496
111 228
293 401
374 378
289 344
200 339
182 397
237 437
13 268
242 351
223 500
49 87
93 477
227 408
37 234
199 398
185 475
200 279
217 439
154 416
230 298
377 408
52 230
6 373
51 363
63 234
54 372
67 495
259 408
108 217
81 250
48 344
13 404
219 394
391 481
28 480
31 407
138 395
279 345
19 179
168 339
118 178
41 267
441 477
27 497
384 441
230 304
309 426
326 397
73 308
302 422
149 458
361 454
53 425
51 496
276 341
55 84
400 483
7 354
265 477
5 169
149 296
149 374
4 298
193 216
220 391
202 296
34 176
155 482
267 294
120 235
311 340
158 490
241 450
358 418
95 189
230 239
151 469
32 170
8 411
88 477
80 286
29 462
407 443
19 80
131 137
369 435
29 244
181 407
364 377
134 164
400 422
401 490
172 201
84 378
397 451
103 212
46 480
125 447
191 348
115 372
231 379
30 328
29 123
13 205
42 472
28 314
26 446
152 372
129 290
187 237
381 414
338 421
163 246
157 368
295 494
75 344
14 432
314 424
123 310
85 399
163 197
432 444
325 472
214 333
48 65
119 402
23 436
118 264
255 428
258 341
27 79
13 110
209 261
97 444
238 441
264 471
117 383
172 266
172 306
320 421
113 139
147 181
156 388
262 405
485 499
236 452
36 218
314 466
439 476
79 164
147 227
311 361
27 191
125 308
33 83
130 211
4 194
34 280
113 492
292 456
181 235
172 472
49 115
132 294
100 431
20 447
313 449
123 266
188 247
10 153
49 164
246 269
77 137
275 445
304 405
216 341
333 472
57 302
32 485
228 464
55 233
288 314
117 140
250 324
55 146
211 365
227 451
62 402
62 107
139 353
326 486
185 470
144 355
147 487
21 427
128 466
11 486
260 422
334 390
116 259
127 130
437 487
10 112
70 114
429 461
214 398
425 488
111 348
18 154
429 450
164 233
192 484
88 125
62 476
160 257
26 122
442 459
158 279
136 287
238 259
103 485
53 362
214 238
313 371
226 477
48 195
312 359
344 361
110 321
235 357
137 279
311 421
103 425
296 335
171 192
84 252
271 342
63 107
288 440
1 131
51 212
315 498
91 483
37 366
213 397
458 476
76 183
10 229
259 488
209 266
278 373
37 413
31 199
101 156
189 274
15 271
252 290
106 188
26 294
20 176
137 390
39 208
144 166
199 214
120 478
209 454
51 296
287 482
89 183
5 285
147 236
303 460
100 247
63 404
80 302
81 321
12 249
363 475
13 287
53 214
309 486
319 497
25 393
61 443
80 92
416 418
157 179
333 405
42 403
267 431
357 478
12 73
181 497
2 330
148 429
38 178
97 447
182 395
329 432
65 224
233 408
66 96
67 406
35 487
191 362
137 462
125 340
267 418
122 217
119 131
62 392
125 293
358 420
122 441
344 479
122 180
242 366
62 262
286 337
128 180
314 347
118 200
118 281
45 288
6 15
179 489
166 258
329 427
70 317
240 353
194 318
46 95
13 373
28 75
82 324
30 90
188 290
98 153
90 122
449 461
52 147
88 350
3 478
199 270
42 104
74 373
108 248
161 313
123 273
92 372
40 127
53 198
192 245
436 451
202 357
113 484
276 284
424 470
311 438
257 492
72 173
102 319
220 500
49 440
124 386
159 258
104 484
153 386
455 478
256 399
158 163
160 380
346 467
345 436
22 423
120 153
63 122
105 455
240 453
128 139
18 458
266 391
63 231
34 356
155 249
110 479
126 312
156 433
322 490
202 419
89 422
125 223
353 420
188 433
291 375
291 301
225 433
485 495
217 430
276 471
367 479
156 167
63 130
289 358
47 488
20 304
265 362
1 122
325 338
142 198
102 333
159 273
52 339
102 457
356 420
213 342
186 251
167 309
6 37
325 495
194 448
53 222
17 191
164 407
141 463
270 277
30 147
128 334
268 308
33 81
228 276
71 77
62 480
84 436
341 418
257 309
212 213
369 480
49 126
84 134
30 345
4 117
138 350
454 473
257 438
221 491
118 288
31 238
122 238
73 195
223 300
181 430
232 394
139 376
14 77
388 407
257 275
320 495
13 189
101 135
75 372
146 451
237 310
360 430
315 367
35 203
480 483
309 390
315 392
170 221
385 469
42 500
101 272
124 470
248 362
279 474
121 468
306 361
457 490
350 408
426 451
354 368
317 459
258 332
88 132
101 435
115 147
355 373
327 388
78 238
57 352
28 228
380 462
34 498
186 396
5 415
210 472
6 384
334 414
74 358
6 97
88 293
19 496
45 473
372 488
63 163
420 427
158 438
77 406
164 375
291 309
23 180
19 74
252 500
180 265
162 442
160 182
289 394
85 153
74 290
272 288
74 172
101 231
35 406
241 265
185 376
109 265
73 211
165 347
53 216
14 351
17 306
22 442
388 487
58 414
84 202
287 433
231 453
342 345
396 489
219 250
89 426
456 496
97 145
140 233
82 172
4 132
135 173
159 163
201 330
86 241
40 331
112 488
170 349
300 384
92 278
110 481
69 339
35 456
17 155
98 323
224 351
188 322
52 263
353 405
37 115
279 485
33 152
191 319
309 458
49 92
83 376
84 305
198 369
7 93
399 439
165 392
318 449
130 322
160 173
128 276
166 206
115 130
345 355
183 340
12 253
248 429
361 432
250 381
337 440
282 338
154 361
119 396
363 404
332 432
295 309
225 311
266 319
124 136
75 498
95 321
285 454
391 408
228 251
413 454
133 444
205 206
342 359
117 203
3 425
220 392
178 386
208 417
303 458
92 364
405 494
292 409
71 213
249 432
211 429
315 468
228 397
143 492
204 326
148 427
85 163
9 251
67 108
480 485
292 445
209 429
380 435
71 246
18 199
15 156
35 421
118 390
120 390
16 493
162 476
130 185
309 369
12 134
79 336
78 215
52 311
44 299
247 328
90 321
321 459
118 421
6 229
309 357
88 417
251 402
103 216
295 371
131 273
40 409
196 271
1 498
90 411
31 470
391 470
70 431
29 491
194 358
433 484
26 273
130 341
172 424
304 458
56 76
247 308
204 491
106 318
361 412
232 432
79 266
111 453
13 458
341 447
109 447
194 392
6 174
99 298
93 435
288 446
40 120
189 224
16 358
305 357
172 378
126 369
15 55
32 329
292 423
265 317
79 370
438 486
122 338
36 352
112 402
11 462
270 403
84 384
95 316
345 466
70 325
171 377
227 255
178 440
120 232
21 167
20 428
217 274
73 494
236 346
18 34
381 460
148 230
109 232
235 270
239 396
15 188
3 393
168 232
68 352
323 362
68 121
225 434
41 326
400 477
36 358
302 309
337 424
125 433
42 405
13 156
128 213
131 375
163 273
98 140
72 139
42 50
32 146
142 148
287 428
16 280
158 297
31 324
169 348
71 409
244 480
19 336
92 415
101 245
208 279
35 343
251 285
273 339
407 483
170 181
52 499
170 477
115 199
113 413
268 439
34 240
57 268
107 287
346 383
80 237
299 476
305 500
264 287
108 302
210 399
251 295
296 377
102 365
341 471
103 333
325 484
41 80
177 447
184 186
25 148
166 454
38 329
82 137
176 307
192 349
256 412
99 117
41 383
69 170
224 446
274 487
49 324
33 93
86 382
8 343
40 188
117 407
85 101
73 227
27 115
215 398
310 441
46 307
183 443
176 438
380 403
25 309
12 211
171 432
139 481
176 482
84 308
4 368
93 344
239 344
464 498
47 254
181 339
99 244
355 358
212 464
332 393
19 32
15 269
214 461
62 430
116 242
209 488
219 376
366 449
226 463
131 210
242 416
20 343
214 219
48 243
249 458
56 142
259 478
50 291
329 344
290 372
215 499
4 256
22 426
5 246
210 486
180 189
64 376
87 495
137 195
14 227
272 362
173 268
116 462
401 406
197 448
132 410
140 308
183 365
103 219
146 476
60 270
275 342
25 222
103 450
378 389
34 427
181 272
28 441
360 381
310 349
149 452
41 410
19 474
228 270
140 156
404 498
205 422
314 497
62 404
332 344
112 201
352 443
333 390
201 356
7 187
129 212
262 404
458 466
117 317
179 472
228 388
283 326
91 314
183 480
4 163
121 317
72 402
163 360
217 238
214 491
20 211
3 170
9 160
11 323
163 335
196 301
249 391
117 320
17 230
16 375
297 304
10 439
193 485
414 488
229 349
240 291
240 278
19 137
408 422
144 342
110 411
112 299
339 496
43 353
462 493
154 204
87 249
344 497
120 347
215 306
21 182
193 471
224 437
68 496
254 495
5 456
136 297
70 412
229 421
380 382
294 397
361 440
254 489
345 403
92 110
139 317
19 107
62 146
153 333
215 484
225 326
125 321
140 188
41 386
299 480
26 218
160 302
179 199
75 424
259 364
34 143
48 166
61 392
152 203
113 418
270 349
219 285
367 487
220 255
32 245
218 366
69 121
125 146
2 259
123 171
26 177
222 368
78 355
182 256
136 294
13 53
251 376
64 227
37 40
66 404
288 424
122 159
54 411
346 367
6 12
185 191
264 435
49 188
296 442
40 88
117 441
49 320
213 223
282 434
276 440
30 136
286 371
52 114
276 409
393 468
86 262
81 422
398 488
259 296
153 456
361 411
14 373
133 402
143 158
146 360
21 109
277 434
413 449
49 284
56 493
80 289
81 169
337 469
148 388
36 148
129 147
347 436
115 247
410 483
198 251
169 305
280 325
50 453
372 386
143 358
183 343
313 357
251 263
76 139
339 388
249 437
85 326
373 426
169 387
48 287
152 176
291 364
303 349
62 470
55 400
285 468
277 342
134 286
367 388
303 390
171 400
82 296
14 349
34 116
299 409
300 344
111 250
257 323
190 348
101 146
6 310
40 210
170 352
343 357
36 267
294 442
49 423
58 112
285 387
222 429
14 272
214 335
152 288
185 219
153 293
41 171
96 193
90 456
406 407
43 226
35 127
180 315
12 309
281 432
229 351
139 213
378 448
123 351
67 459
73 152
37 235
123 183
258 307
63 106
241 380
89 306
113 426
302 451
219 474
220 238
125 192
413 453
331 423
55 147
125 432
138 317
194 304
103 237
32 389
147 239
106 473
148 402
287 497
144 221
238 487
118 131
270 467
92 135
244 366
37 373
77 161
28 346
121 483
34 400
267 312
354 462
302 410
64 400
78 213
21 412
190 429
343 494
219 498
123 477
34 399
237 487
30 408
86 477
447 465
165 304
155 231
164 259
189 241
9 94
25 201
63 97
163 469
123 144
34 202
310 449
206 464
236 378
17 116
290 421
337 347
467 477
74 415
288 369
332 418
20 210
118 345
340 497
138 394
162 243
259 403
136 207
38 387
373 473
110 446
81 377
80 218
412 484
55 413
33 342
4 403
297 490
5 171
133 406
157 262
189 246
88 337
94 287
282 346
14 416
63 221
186 387
294 305
170 399
65 313
46 424
168 464
143 231
1 104
249 372
100 438
233 393
19 69
391 401
126 372
288 427
375 476
121 291
105 328
192 396
130 404
343 436
164 284
430 431
89 225
391 440
46 260
129 434
36 141
43 328
58 115
85 325
37 98
69 181
140 406
81 101
335 482
60 484
174 395
127 424
55 434
267 498
410 435
164 311
108 480
112 258
35 254
216 302
123 398
29 125
161 163
199 428
401 424
364 492
273 378
364 432
341 380
94 408
217 426
79 465
312 474
147 224
382 461
18 66
45 467
178 182
255 332
392 443
4 98
155 170
156 413
161 235
327 375
9 245
344 402
144 484
47 58
140 171
13 327
23 167
124 461
414 430
88 341
118 212
67 114
437 467
13 436
330 428
188 371
266 326
333 499
60 345
58 249
61 400
282 486
250 296
15 354
230 424
49 306
423 425
261 311
206 326
170 205
148 324
66 411
209 236
76 282
396 413
188 283
136 463
173 421
142 482
166 309
12 120
55 238
198 280
346 421
1 247
106 257
179 210
66 300
90 188
269 336
232 485
70 493
192 386
87 482
9 276
22 97
370 456
249 298
405 500
357 495
160 252
94 146
230 325
55 235
357 456
309 449
190 471
62 142
145 344
189 247
205 413
301 321
111 332
207 460
193 432
32 383
38 78
63 344
275 399
215 343
82 378
258 334
220 324
18 213
85 284
353 487
335 459
269 397
70 384
142 338
100 245
26 412
66 375
322 327
243 424
89 493
163 280
32 417
63 167
362 440
11 215
239 464
176 498
266 374
94 440
3 269
19 55
109 158
275 319
76 122
190 401
199 413
169 170
173 411
136 269
179 424
231 342
98 469
94 121
185 365
265 387
262 406
18 280
81 460
123 342
94 236
28 342
139 175
47 117
135 420
29 456
430 449
44 352
74 240
237 450
11 129
116 317
207 485
114 204
54 150
367 401
18 296
70 330
58 201
59 154
106 108
209 272
129 304
444 492
131 494
258 407
110 460
266 351
333 482
23 249
134 358
108 265
287 414
228 367
33 235
118 423
151 265
335 498
90 206
305 396
318 323
38 379
91 397
6 137
278 431
57 409
40 354
138 279
42 455
456 491
126 403
90 127
151 334
327 460
53 319
100 426
268 395
93 480
402 472
233 343
375 470
193 480
32 400
83 400
138 200
203 309
251 314
225 327
206 395
286 460
63 259
4 126
167 341
113 414
133 176
176 351
72 345
313 411
315 409
144 446
271 496
4 388
28 157
73 343
8 328
132 366
326 366
240 305
308 393
397 458
50 185
98 457
253 271
221 228
102 471
31 38
90 131
283 483
62 87
82 248
44 448
412 494
198 278
253 497
408 450
112 162
211 394
284 325
161 195
192 357
190 238
317 483
269 426
199 460
279 346
15 449
51 273
44 234
232 401
46 239
9 78
38 492
54 166
113 292
10 458
299 417
258 285
255 354
41 450
198 287
169 461
374 444
71 326
124 230
33 374
186 338
57 148
322 357
362 374
299 488
111 337
194 438
2 72
300 353
95 440
40 263
288 486
168 274
270 372
178 464
98 245
209 481
58 248
193 334
187 203
425 494
402 493
144 264
216 439
155 224
212 286
12 17
36 198
92 195
83 422
125 184
148 226
113 325
137 472
89 421
188 210
22 438
320 323
142 216
29 436
232 262
27 122
76 154
117 464
373 490
117 124
65 412
303 335
184 496
123 484
221 223
165 201
88 256
315 356
208 425
42 319
77 262
413 432
296 307
280 450
238 251
49 285
8 420
47 326
248 261
242 260
219 396
149 408
358 430
66 355
18 79
204 328
204 291
276 406
101 284
116 427
400 473
160 203
266 341
390 484
26 28
16 74
442 458
166 168
243 295
95 317
88 327
127 451
127 400
179 234
436 448
7 416
33 72
76 204
295 354
8 29
124 382
43 497
56 422
439 454
202 477
43 82
136 474
256 363
97 421
250 479
130 259
8 437
360 406
183 221
288 412
172 355
398 468
218 368
23 328
242 356
177 458
73 477
328 470
234 392
109 424
179 229
348 494
266 373
155 227
81 293
460 471
233 419
112 170
68 295
9 99
213 449
386 461
51 205
15 329
209 237
25 345
110 400
337 417
221 389
39 121
30 317
208 219
2 287
43 374
163 472
53 375
420 430
139 236
19 404
385 485
47 122
116 225
179 290
27 30
260 342
47 359
150 213
138 148
424 495
23 457
364 405
87 171
295 493
5 386
72 306
68 71
117 379
33 144
90 295
65 432
138 168
292 438
157 380
57 163
274 462
233 442
180 325
298 313
309 484
79 470
171 381
5 265
275 389
38 61
42 300
38 430
203 400
300 493
40 480
322 469
243 304
134 329
438 499
156 222
378 465
130 453
181 191
102 238
13 190
26 214
413 451
143 399
7 98
48 374
91 234
338 369
296 379
12 169
134 340
50 81
207 277
215 292
209 466
49 489
74 145
34 161
159 387
91 360
135 479
104 185
91 246
107 435
184 300
125 249
45 68
212 427
153 164
250 272
266 447
153 443
135 318
202 333
109 152
32 200
309 320
34 474
104 120
251 454
103 315
252 255
185 411
145 392
148 357
79 270
134 383
403 412
44 301
268 347
336 440
241 436
172 291
50 413
16 481
43 150
420 474
194 391
194 329
364 434
133 311
50 380
132 364
60 331
465 466
313 389
32 376
222 313
159 373
372 474
221 498
83 296
10 214
60 210
320 353
19 139
12 384
7 216
13 161
152 355
226 343
239 402
9 179
17 404
28 38
267 338
378 454
2 326
248 330
142 309
366 473
9 321
236 255
300 375
128 280
5 29
99 325
250 471
448 491
160 417
92 483
10 421
180 253
269 461
7 345
176 314
95 147
132 326
63 180
425 429
305 397
56 243
196 375
94 247
11 349
57 222
28 433
440 449
367 465
49 406
340 477
134 350
260 277
118 438
373 394
169 292
408 419
89 102
360 386
377 487
174 305
69 294
141 489
223 419
99 404
208 216
47 67
66 181
315 448
262 451
88 299
202 407
177 290
289 428
72 298
54 211
68 269
152 448
97 142
73 278
191 288
245 367
290 374
148 451
69 171
300 356
256 438
162 454
212 454
40 329
197 208
180 308
170 394
174 241
166 480
318 342
86 493
129 153
315 338
81 132
44 256
436 460
53 413
119 154
10 21
174 177
293 387
410 487
126 252
171 212
184 250
305 360
28 128
292 413
214 328
121 335
32 395
215 223
206 293
50 152
96 454
217 482
248 371
82 402
26 487
218 392
26 85
281 290
84 173
128 233
185 248
128 479
343 398
194 440
347 411
110 208
244 461
368 460
121 152
149 368
280 336
144 308
205 487
291 424
21 39
183 412
63 182
451 453
285 472
38 228
248 428
55 348
254 395
61 150
72 316
37 50
213 483
229 491
64 272
204 310
9 474
419 478
32 481
169 429
86 413
103 201
96 216
360 461
152 211
135 340
80 279
104 180
25 250
157 394
12 30
319 420
141 160
240 420
173 432
470 477
178 218
396 427
105 347
44 50
86 386
476 498
369 413
334 379
117 248
343 438
109 133
149 430
25 446
175 235
146 462
183 398
155 200
253 474
300 320
197 400
227 326
220 350
453 463
117 380
29 73
291 474
20 482
47 406
274 303
40 342
384 452
144 278
362 364
308 443
71 123
197 301
55 426
311 443
407 440
236 265
321 355
344 347
91 378
95 115
135 370
270 388
17 200
165 363
150 170
155 484
159 321
62 369
120 465
370 495
239 323
159 459
72 198
143 289
142 199
109 399
68 225
356 445
83 186
86 265
461 491
148 431
14 347
122 272
412 420
444 495
374 455
67 435
334 445
142 162
328 465
68 132
224 417
31 45
172 337
193 242
148 275
119 495
423 434
177 410
45 319
35 111
73 500
44 47
92 268
4 478
175 242
414 444
114 248
61 418
307 341
114 485
356 421
349 460
71 301
40 458
281 317
41 469
88 342
224 483
172 328
299 437
240 461
233 473
438 453
182 398
40 83
32 430
340 455
140 199
37 314
109 433
290 316
56 400
158 261
248 337
30 168
119 367
300 416
67 167
46 105
87 201
166 441
16 214
168 363
152 178
68 371
80 461
137 212
334 424
277 308
39 135
143 364
223 334
238 311
98 139
127 181
277 380
7 334
284 390
48 168
23 86
61 451
22 471
205 326
215 263
70 130
21 391
102 395
194 312
31 165
149 447
131 158
352 353
26 125
221 409
343 396
181 262
288 487
84 237
206 269
94 354
467 470
134 311
153 394
6 273
300 410
181 328
101 394
348 381
91 307
39 422
88 297
65 382
4 472
120 424
277 352
27 231
172 436
76 404
257 320
373 414
255 396
102 411
100 207
367 414
179 292
185 447
196 496
429 437
84 346
109 242
191 258
285 485
185 329
176 462
178 224
410 442
12 221
283 293
66 67
53 421
316 428
223 343
1 73
347 360
45 133
8 213
123 494
20 103
311 447
152 234
151 283
2 17
286 468
55 256
283 346
15 46
366 433
114 421
95 367
5 279
80 315
70 234
132 355
242 274
166 350
135 249
278 424
77 149
106 353
368 403
178 395
283 444
155 455
253 340
365 400
430 482
278 410
31 447
199 353
162 216
53 242
227 387
39 89
55 60
152 166
66 429
138 252
172 326
164 328
16 401
161 453
223 271
67 355
18 59
449 469
99 482
307 352
81 131
125 128
334 378
328 333
122 142
72 466
116 314
305 480
47 474
10 336
264 413
70 355
31 418
90 457
379 479
132 311
331 372
88 145
103 464
101 329
125 158
62 161
151 226
123 216
224 462
241 472
275 376
97 453
305 431
124 429
142 158
143 206
121 224
276 325
386 464
183 391
192 193
13 413
398 455
41 67
317 477
21 207
12 181
57 375
25 264
188 341
305 434
152 459
297 494
126 461
25 441
132 272
217 308
15 350
107 483
20 386
178 448
339 348
52 495
217 491
298 418
330 413
165 389
232 325
339 497
7 57
425 483
5 135
233 321
237 293
76 118
9 223
246 286
74 348
183 444
19 181
12 262
104 168
213 375
380 453
65 289
1 336
181 356
122 257
81 160
219 260
401 456
255 288
43 352
268 322
206 459
52 151
254 470
90 477
203 423
472 487
135 468
50 264
11 438
14 282
129 392
416 488
18 402
13 157
22 43
128 429
87 373
167 433
347 437
176 453
305 345
26 221
32 480
2 140
139 381
49 53
396 476
146 297
378 486
364 429
119 393
144 415
66 497
320 478
90 422
303 342
444 474
209 358
87 290
65 371
18 415
168 216
99 144
211 400
69 479
236 408
354 401
135 492
101 236
59 252
323 478
221 464
144 347
263 471
109 487
370 399
228 423
5 12
304 309
22 64
44 423
168 374
153 335
377 438
56 229
114 165
86 280
177 284
178 280
41 162
128 499
223 309
377 407
314 439
195 500
136 336
150 166
31 60
350 394
226 248
54 336
27 321
179 335
31 57
151 399
102 109
307 426
371 432
385 476
402 426
18 114
230 243
167 315
55 244
127 149
103 270
59 288
371 428
9 451
88 223
82 95
138 142
89 331
111 495
180 482
17 215
122 301
94 275
64 380
88 267
23 309
47 220
67 170
89 120
378 412
16 23
190 362
69 235
9 61
70 250
98 443
220 456
177 202
72 212
354 453
76 408
45 76
85 410
109 353
103 336
6 209
324 481
263 464
56 82
246 499
4 499
188 272
221 398
242 448
53 497
264 418
231 306
100 179
114 295
276 403
152 371
183 243
51 420
159 454
176 300
186 340
378 477
290 378
1 457
164 332
171 241
439 442
177 328
3 454
355 446
207 262
208 427
74 384
290 384
216 338
88 185
124 145
73 104
24 77
3 234
349 454
41 66
109 284
192 211
242 310
241 374
42 99
109 236
12 450
24 491
159 334
264 482
143 461
11 82
27 403
275 487
87 324
16 293
217 301
27 380
438 467
84 137
406 427
116 245
3 70
229 427
334 449
18 498
145 266
215 431
96 154
2 73
74 492
122 369
43 105
358 436
276 475
336 399
324 483
306 325
90 193
92 169
203 280
103 318
184 403
72 483
47 56
220 469
42 367
105 127
64 87
108 209
272 359
247 426
319 464
190 309
7 490
288 500
38 248
5 392
71 354
48 392
265 271
125 470
245 439
79 118
65 179
135 232
271 283
213 442
129 419
20 270
484 495
137 297
298 372
77 129
100 199
243 296
64 440
284 332
379 463
87 381
299 384
88 168
306 442
253 427
207 401
362 458
403 435
123 336
109 200
138 356
30 299
185 340
155 352
120 322
22 87
58 335
136 144
95 492
162 384
129 401
289 387
15 114
411 483
235 422
232 264
208 311
122 184
161 329
84 398
93 478
205 430
78 477
255 464
108 422
158 181
72 288
161 215
114 289
81 117
213 321
343 347
33 405
67 310
90 241
158 249
189 352
29 441
130 405
198 415
112 250
15 443
207 426
423 499
380 446
28 421
17 242
242 340
6 66
80 251
417 440
371 382
74 146
3 86
22 497
40 456
295 407
39 334
49 475
84 344
134 260
19 23
297 350
259 280
143 477
221 386
46 313
34 262
97 383
369 489
26 254
245 357
473 500
46 265
150 408
222 425
283 325
241 404
92 325
142 429
307 435
102 247
100 273
165 330
250 364
321 386
74 333
172 484
13 18
82 346
59 456
142 144
68 500
15 395
245 485
18 319
72 362
223 454
236 399
106 204
150 491
111 341
313 398
327 485
217 382
233 392
235 324
37 209
161 499
20 47
288 481
90 158
48 106
108 220
434 496
171 443
60 436
136 417
58 133
308 310
200 317
332 387
52 493
83 480
67 297
70 451
105 173
73 484
