1 2
2 3
2 4
4 5
3 6
6 7
2 8
7 9
1 10
5 11
3 12
12 13
10 14
2 15
10 16
10 17
4 18
2 19
6 20
12 21
12 22
21 23
18 24
20 25
8 26
17 27
15 28
4 29
12 30
27 31
6 32
12 33
11 34
29 35
4 36
18 37
7 38
1 39
10 40
2 41
5 42
27 43
3 44
2 45
35 46
42 47
37 48
44 49
46 50
28 51
9 52
13 53
34 54
43 55
43 56
12 57
15 58
57 59
5 60
8 61
19 62
34 63
50 64
50 65
24 66
53 67
31 68
65 69
18 70
31 71
29 72
67 73
23 74
38 75
56 76
65 77
56 78
45 79
69 80
51 81
20 82
66 83
58 84
31 85
77 86
2 87
84 88
26 89
22 90
89 91
4 92
8 93
37 94
31 95
7 96
84 97
48 98
47 99
39 100
43 85
19 96
44 75
1 65
16 52
3 79
9 24
46 79
16 41
4 81
22 42
33 48
93 94
38 87
21 66
14 66
34 97
33 36
70 75
4 58
21 49
39 46
68 95
23 56
70 94
41 79
38 65
20 87
5 19
20 55
30 50
1 68
53 61
12 47
77 82
27 29
12 34
4 46
33 78
48 68
6 62
76 80
11 91
92 96
12 71
28 92
42 90
71 91
74 90
1 32
76 87
66 71
1 75
38 86
17 80
56 97
61 65
44 88
31 48
26 86
38 55
61 62
70 82
86 93
15 32
6 76
3 56
94 95
25 99
22 64
34 91
28 89
68 85
67 86
95 100
3 21
9 97
72 100
37 80
48 75
29 36
40 88
6 15
13 56
22 53
23 63
15 57
16 91
4 8
22 78
37 81
52 74
57 96
63 78
13 87
16 76
26 75
4 47
15 82
24 77
22 31
27 74
17 30
17 64
9 96
23 38
6 13
3 23
41 74
28 85
3 89
39 94
58 77
81 85
87 94
49 57
5 66
39 91
2 65
44 86
18 78
36 50
23 31
58 82
17 67
1 33
82 85
8 55
26 69
57 85
19 84
17 71
52 88
13 44
40 52
71 82
34 47
21 60
63 86
33 55
11 58
39 58
6 37
9 71
9 70
14 74
30 84
13 43
29 32
16 62
8 15
60 76
38 77
36 51
24 96
25 26
16 79
61 76
38 63
11 68
21 48
61 79
8 94
6 90
26 30
48 82
22 25
20 56
59 66
22 87
15 90
31 96
15 24
3 11
96 99
4 91
14 37
27 64
7 93
90 92
34 71
4 43
22 83
87 92
38 50
39 57
10 60
67 85
3 66
41 57
27 57
14 88
5 95
9 77
1 30
51 76
5 15
12 52
15 37
21 56
49 55
78 91
6 18
63 85
48 62
4 86
7 24
82 91
58 70
21 34
14 96
26 82
65 99
40 75
19 65
10 26
47 88
31 43
84 90
23 62
66 87
2 54
75 97
18 33
86 91
58 65
18 35
14 64
29 31
30 88
65 66
35 43
47 100
78 85
72 83
27 97
43 73
41 64
30 65
53 86
48 86
34 79
16 86
9 11
72 81
65 87
73 89
14 23
13 81
79 93
47 66
14 49
41 92
2 95
63 94
15 25
1 89
1 78
40 43
5 91
13 68
1 71
7 48
40 42
47 52
39 79
47 64
26 41
14 47
19 24
8 57
62 63
54 87
15 47
38 95
47 87
41 55
2 68
65 82
60 94
32 83
16 57
13 39
27 34
9 18
55 93
69 71
14 84
54 66
12 86
9 29
39 51
2 77
59 76
38 88
4 76
37 74
47 94
47 81
5 77
40 57
11 85
2 48
18 65
61 94
47 89
22 65
14 54
80 91
51 90
37 73
39 44
8 79
67 83
53 99
28 52
27 68
23 71
12 48
56 85
37 38
44 82
49 65
18 61
14 94
17 55
19 87
21 28
3 55
10 39
82 93
10 52
28 95
6 50
55 78
1 21
16 30
46 60
48 53
4 88
18 90
29 52
14 58
51 82
16 100
76 98
22 48
59 61
55 76
73 87
90 99
19 21
11 15
26 90
25 62
19 88
36 78
78 87
81 94
19 99
42 93
30 59
47 75
30 62
65 94
69 93
4 19
11 66
33 80
22 54
3 34
2 53
1 92
52 79
15 63
6 83
36 80
48 97
99 100
30 91
16 98
16 64
27 28
21 36
50 85
30 35
7 80
42 59
18 100
47 98
60 70
4 41
48 64
3 62
2 29
2 89
4 97
42 84
28 88
6 93
26 67
72 82
18 32
22 81
19 97
8 17
9 78
4 60
12 90
18 87
7 30
13 37
67 81
56 95
62 95
56 69
32 69
31 65
15 54
35 41
9 20
22 52
28 90
26 96
22 84
23 37
22 86
16 58
62 99
23 48
39 81
15 49
52 99
53 63
55 98
23 89
57 92
30 44
1 24
23 73
46 88
32 98
8 71
28 64
48 54
78 93
36 38
7 34
6 34
88 89
70 73
13 35
56 58
30 86
12 84
91 96
1 49
28 41
23 60
5 89
16 77
77 81
20 36
45 69
45 70
59 84
11 93
26 44
81 82
30 67
5 12
10 50
63 70
42 89
25 80
7 12
31 59
1 31
33 53
40 70
84 94
47 56
1 29
24 99
6 94
51 98
29 99
13 47
19 64
68 93
35 65
58 94
55 88
10 73
15 81
35 75
10 74
54 92
35 39
42 66
29 84
25 88
6 17
36 45
15 69
30 71
36 69
25 48
14 76
36 81
60 96
96 98
62 93
16 27
9 57
8 13
15 44
79 85
41 75
13 95
1 99
40 89
8 52
12 42
68 98
45 50
32 78
41 83
33 90
45 81
43 74
49 52
22 94
28 30
37 62
32 81
8 43
6 27
60 89
29 87
9 13
12 70
23 53
54 72
24 72
43 92
6 47
7 27
80 85
4 80
24 34
25 42
20 49
34 55
2 79
28 42
21 51
6 59
21 22
35 44
32 34
54 57
66 70
18 62
31 89
21 37
12 19
74 95
44 48
15 48
17 61
30 33
46 68
92 94
4 17
37 53
35 97
7 81
73 85
22 49
31 70
49 88
55 86
52 66
3 45
81 86
28 62
25 78
10 30
23 99
16 78
49 89
46 59
35 56
29 78
17 36
3 78
26 84
48 92
20 63
49 94
5 82
6 52
45 89
5 75
11 22
27 51
58 95
50 56
4 67
4 25
2 49
51 67
11 64
18 80
37 83
12 44
44 73
13 100
3 59
54 65
7 35
1 67
27 62
44 83
22 66
29 79
7 20
28 97
10 75
12 54
46 62
18 96
8 32
35 94
39 61
12 26
7 94
41 90
34 38
21 35
33 92
7 36
20 28
72 87
46 93
33 74
19 54
11 77
4 31
22 85
40 92
24 74
34 46
64 96
8 21
36 83
11 48
19 53
36 100
3 58
70 88
10 96
44 87
56 65
2 82
76 91
58 74
17 70
8 96
29 46
79 89
54 90
23 85
25 29
77 85
32 35
9 73
5 87
22 76
2 98
21 46
40 83
2 99
2 84
28 55
5 34
24 47
16 65
50 87
87 97
6 63
5 6
33 67
10 20
42 75
24 41
2 37
29 100
21 50
15 29
31 57
54 63
41 66
33 54
20 32
32 67
75 80
31 60
40 82
48 57
1 42
61 66
8 87
60 75
20 45
40 94
52 53
10 95
48 99
47 51
15 17
49 80
19 27
97 98
2 93
15 42
13 57
49 97
70 93
18 51
35 52
32 60
40 77
43 53
22 91
35 36
22 33
8 28
7 19
1 63
60 99
50 76
30 90
32 54
68 70
65 72
14 73
22 43
41 80
76 82
38 61
94 96
12 100
8 44
7 89
32 53
31 42
57 63
2 51
24 97
9 10
18 77
14 48
3 80
82 87
20 27
48 49
2 38
26 77
11 23
53 74
14 62
62 100
23 33
28 63
24 84
43 90
33 93
40 71
67 69
26 29
66 100
37 84
76 96
7 82
2 78
15 65
60 65
1 9
60 84
37 75
50 72
64 82
54 99
24 70
10 51
18 89
19 30
61 75
8 16
26 47
75 95
57 58
6 95
38 73
77 88
39 82
48 90
45 53
62 83
24 86
58 91
48 78
11 14
9 16
72 86
1 38
12 91
84 98
3 27
67 95
37 63
3 67
56 60
9 45
46 80
12 56
35 81
62 75
5 30
44 81
20 26
27 100
78 94
64 81
7 50
81 83
32 59
93 99
2 32
7 71
8 12
8 38
39 54
34 64
63 65
67 68
71 77
1 86
19 41
44 93
50 70
2 18
13 86
12 18
29 86
4 75
18 49
42 100
11 49
22 60
5 90
17 96
48 73
2 70
23 59
59 77
93 95
42 52
7 18
15 70
54 76
5 59
66 99
35 49
40 56
36 72
44 97
23 77
43 96
85 98
79 90
31 63
86 92
5 44
76 77
52 64
22 77
11 92
4 39
29 50
8 86
14 21
5 83
5 40
38 49
8 42
19 33
83 84
25 43
12 82
49 66
9 64
21 82
20 54
49 68
21 65
47 54
68 71
62 82
41 51
3 73
52 60
59 69
7 84
18 72
16 23
60 66
19 75
11 44
1 53
21 75
55 89
9 32
1 55
59 83
6 30
78 98
82 98
83 97
18 63
43 93
64 95
62 70
59 89
23 29
23 24
54 95
49 84
73 97
83 96
64 88
46 55
70 92
91 95
42 62
19 94
20 99
66 95
67 80
36 97
56 70
79 100
72 97
38 76
28 71
35 45
23 40
43 54
69 83
16 93
40 84
24 64
27 59
42 78
27 85
27 88
44 45
6 73
59 97
86 94
36 85
33 41
61 83
8 80
83 90
27 81
37 45
9 88
37 98
70 87
14 60
41 69
1 17
10 63
68 75
27 99
10 15
10 79
1 66
32 62
46 99
16 24
6 86
47 55
15 55
2 10
96 97
36 67
1 16
26 98
63 75
44 71
78 97
19 40
44 51
26 60
7 14
67 84
4 89
63 89
56 75
89 97
25 68
36 42
84 92
8 30
31 92
16 26
27 61
23 41
38 74
4 9
28 67
14 16
61 63
86 98
7 65
51 86
10 22
29 70
2 23
6 38
14 43
23 92
11 36
51 83
8 19
77 93
47 80
44 55
45 60
71 80
8 67
2 73
29 80
12 73
20 93
40 48
34 56
34 77
22 41
31 86
2 61
43 61
45 94
5 39
9 51
22 59
59 88
5 85
5 52
84 85
63 74
15 93
14 28
3 84
53 77
11 67
22 97
63 72
60 100
28 74
59 75
4 48
73 75
62 72
37 85
38 89
14 75
5 57
33 40
22 82
2 44
27 77
4 57
34 96
24 30
41 44
71 78
8 68
20 78
1 57
17 42
28 31
8 50
19 39
13 70
13 67
66 67
14 30
12 59
46 92
13 28
54 70
26 62
53 78
5 68
10 18
53 98
15 61
76 93
45 91
39 45
10 31
39 98
21 59
28 68
50 80
47 58
27 69
22 68
50 89
8 56
79 96
1 72
34 52
97 99
30 42
20 80
47 69
52 59
6 36
39 84
23 32
12 67
15 75
