1 2
2 3
3 4
3 5
1 6
1 7
7 8
6 9
2 10
7 11
10 12
2 13
13 14
1 15
10 16
8 17
13 18
13 19
15 20
14 21
1 22
1 23
3 24
8 25
21 26
25 27
11 28
7 29
12 30
26 31
3 32
19 33
4 34
16 35
27 36
6 37
1 38
30 39
31 40
39 41
38 42
16 43
36 44
15 45
1 46
39 47
42 48
45 49
11 50
5 17
1 26
10 47
32 46
2 24
10 17
6 33
14 45
8 45
22 28
19 31
39 48
26 44
4 26
8 33
42 44
5 12
23 43
22 25
3 48
25 45
10 46
28 33
9 14
2 12
41 49
20 36
15 33
4 33
8 36
41 42
10 42
23 44
7 37
20 26
24 28
4 45
35 38
20 42
47 50
19 23
1 4
9 40
7 48
28 31
12 46
1 43
25 44
8 30
38 44
41 45
17 46
34 35
25 47
5 6
6 8
33 38
5 25
9 43
8 14
8 23
16 23
39 44
19 27
5 41
5 30
8 16
13 24
26 43
9 47
19 22
14 20
27 38
20 38
21 48
32 42
11 29
7 43
18 43
19 50
5 32
2 36
24 30
6 23
6 17
19 38
30 41
6 26
14 46
34 39
14 33
9 34
18 27
9 18
6 20
21 43
4 16
5 24
16 18
25 31
35 44
9 17
13 50
4 29
12 29
13 25
5 18
5 44
14 50
1 9
34 45
23 30
8 28
7 9
33 36
36 42
5 42
17 44
21 37
9 25
22 34
8 39
20 21
24 25
15 19
11 30
39 43
14 43
36 40
13 35
32 47
2 6
23 39
12 16
9 37
4 7
22 23
38 40
10 38
11 33
12 36
32 37
36 47
14 23
11 13
6 24
1 18
29 49
6 19
29 35
43 49
28 38
13 17
3 39
12 24
20 43
30 44
15 24
13 41
40 50
11 18
19 30
1 44
21 32
15 39
11 22
30 34
12 40
13 42
11 46
24 45
17 35
5 28
10 43
9 28
5 10
16 37
4 15
24 38
5 35
6 31
27 42
6 18
33 42
13 32
37 41
21 41
12 28
28 42
7 15
48 49
13 20
20 25
10 27
8 21
35 49
4 8
39 40
16 33
27 34
16 40
26 35
2 9
2 30
3 7
32 36
23 50
15 46
7 33
14 29
2 22
17 28
13 47
17 18
8 22
7 39
14 49
22 24
37 40
3 43
24 32
4 49
1 17
33 41
25 29
4 47
14 25
22 43
13 15
21 50
12 50
7 49
8 37
16 41
19 25
15 21
28 48
5 14
23 38
8 12
24 47
19 43
13 38
2 47
17 38
38 45
34 48
5 37
40 48
17 42
24 44
21 34
13 44
5 15
31 39
27 43
16 21
21 24
36 43
15 40
15 38
38 41
22 48
7 19
10 20
14 48
20 33
7 35
4 12
35 39
3 28
10 31
30 35
30 31
4 17
21 38
2 4
17 22
30 36
2 38
9 48
20 28
21 49
9 31
9 29
37 45
9 50
4 25
5 19
8 50
11 35
21 35
25 43
5 29
16 28
4 44
27 37
32 40
17 20
18 24
43 50
25 26
6 10
25 50
11 39
6 7
32 49
4 24
4 11
26 28
2 15
22 32
3 45
12 47
23 40
33 35
14 32
23 41
45 48
43 44
12 31
16 22
36 46
17 26
27 44
18 33
4 31
28 34
23 35
11 14
3 35
30 40
14 44
4 35
32 50
14 24
2 14
3 42
13 22
7 45
19 37
24 40
8 13
42 47
11 43
2 49
33 43
28 44
17 31
2 31
6 29
21 30
22 45
2 40
1 48
1 8
24 35
28 50
13 21
49 50
16 19
16 46
33 37
7 24
11 26
11 19
17 19
37 49
4 20
28 29
9 41
36 50
4 32
7 40
2 44
28 46
22 30
7 38
23 42
15 36
14 31
28 36
12 33
22 33
16 24
6 47
10 50
25 32
6 27
29 47
3 11
31 43
35 36
21 40
4 10
29 34
35 42
24 42
2 25
41 48
8 40
27 41
12 17
28 47
1 49
24 37
3 46
6 34
4 13
22 41
12 14
33 47
9 38
32 44
26 46
43 48
2 7
20 39
41 46
16 27
31 33
30 32
15 23
14 35
20 23
29 42
31 45
8 46
7 25
27 30
4 6
22 50
18 48
6 43
6 28
28 32
37 42
38 46
31 37
10 21
23 33
11 16
28 43
5 48
27 39
17 24
26 42
9 32
11 25
38 47
25 42
46 49
3 16
19 40
10 25
36 37
17 50
38 43
7 44
3 50
31 36
41 50
15 17
10 11
18 45
19 34
14 37
15 34
5 26
3 33
1 36
3 12
42 46
28 30
9 15
5 8
16 42
10 36
10 14
10 22
4 5
21 44
16 39
13 37
10 26
1 12
17 25
12 22
33 44
1 14
39 49
18 32
4 28
18 40
6 13
9 21
6 32
8 38
7 47
7 32
15 25
18 37
1 35
31 35
15 50
7 23
18 31
7 17
31 38
9 10
3 20
19 41
1 30
3 21
12 37
7 21
5 13
39 50
34 36
19 47
43 46
12 26
26 40
6 35
1 25
11 34
13 36
5 33
16 36
14 28
24 46
7 30
20 45
3 40
15 26
18 28
12 39
32 39
19 44
35 46
34 42
6 11
8 18
46 47
1 19
13 23
18 39
21 36
28 35
1 45
35 47
9 16
12 19
2 11
1 16
21 29
5 11
14 38
10 30
13 39
2 23
18 22
33 34
