1 2
2 3
3 4
3 5
1 6
1 7
7 8
6 9
2 10
7 11
10 12
2 13
13 14
1 15
10 16
8 17
13 18
13 19
15 20
14 21
1 22
1 23
3 24
8 25
21 26
25 27
11 28
7 29
12 30
26 31
3 32
19 33
4 34
16 35
27 36
6 37
1 38
30 39
31 40
39 41
38 42
16 43
36 44
15 45
1 46
39 47
42 48
45 49
11 50
5 51
17 52
5 53
14 54
33 55
16 56
26 57
47 58
23 59
29 60
11 61
15 62
7 63
1 64
28 65
11 66
30 67
9 68
6 69
44 70
39 71
9 72
24 73
16 74
2 75
51 76
73 77
67 78
46 79
10 80
12 81
12 82
39 83
12 84
4 85
20 86
40 87
57 88
59 89
2 90
59 91
21 92
1 93
34 94
32 95
24 96
15 97
56 98
77 99
4 100
42 91
42 60
10 17
73 94
7 37
20 26
24 78
4 45
85 88
42 70
47 100
19 73
4 51
9 90
57 98
28 81
12 96
25 44
65 83
58 80
44 88
91 95
46 67
34 35
25 94
25 97
55 56
6 58
33 88
55 75
9 43
8 14
8 73
23 66
89 94
19 77
5 91
55 80
58 66
13 74
76 93
9 59
47 55
24 72
20 93
26 27
88 90
13 48
11 42
32 88
55 79
7 34
43 52
1 74
32 54
29 31
86 91
24 43
1 73
9 56
38 95
6 96
46 50
77 89
7 17
14 20
67 84
16 27
59 77
20 95
71 82
4 7
74 96
5 68
38 75
35 61
59 92
63 71
67 79
44 79
25 46
42 55
55 63
50 67
59 71
20 23
58 59
9 30
9 83
42 72
36 45
42 50
44 64
22 37
30 59
83 84
87 89
22 75
48 65
11 51
43 57
61 93
36 76
24 85
82 84
35 83
52 95
16 77
9 20
4 57
21 73
38 60
37 38
61 80
36 87
84 89
58 99
32 87
36 97
64 73
11 63
56 74
18 51
49 79
79 85
43 49
28 38
13 67
38 70
95 99
39 53
12 74
80 94
65 74
13 41
40 50
11 18
19 30
1 44
32 71
39 65
61 72
40 81
70 86
80 84
40 62
13 42
11 96
24 95
67 85
50 63
5 78
10 43
28 59
10 55
37 66
15 54
82 87
24 38
35 55
6 31
27 42
58 83
18 56
83 92
13 82
41 87
21 41
62 78
78 92
15 57
48 99
13 70
25 70
10 27
21 58
35 99
54 58
60 93
89 90
16 33
27 34
66 90
26 35
2 9
2 30
7 53
82 86
23 50
46 65
7 83
64 79
52 72
17 28
47 63
17 68
22 58
39 57
14 49
22 74
69 83
37 90
41 55
43 53
24 74
42 99
32 36
49 89
3 17
41 83
30 94
25 79
7 33
4 97
14 25
33 42
43 72
63 65
50 71
12 100
7 99
8 87
6 81
16 91
19 25
65 71
78 98
34 59
5 64
26 93
5 28
23 88
85 99
12 58
24 47
19 43
13 88
13 91
47 52
38 67
88 95
48 84
21 32
5 87
48 90
51 96
32 53
67 92
44 74
39 84
21 84
63 94
55 65
39 81
39 40
27 93
7 61
6 20
16 21
21 74
43 86
11 68
40 65
23 51
15 38
88 91
72 98
55 60
57 69
20 60
21 43
64 98
70 83
7 85
22 24
4 62
30 34
35 89
53 78
31 60
30 35
12 24
80 81
5 25
54 67
33 65
21 38
49 54
2 4
22 67
30 36
8 33
2 88
9 98
70 78
43 68
21 99
31 59
9 79
87 95
9 50
4 75
5 69
8 100
1 43
71 85
25 43
5 79
45 54
16 28
54 94
27 87
40 82
67 70
18 27
18 74
43 50
75 76
66 83
8 83
6 60
25 100
39 61
6 7
82 99
4 24
5 12
11 54
76 78
2 15
22 32
3 95
47 62
40 73
83 85
6 10
64 82
23 41
45 98
44 93
48 49
27 60
43 60
22 66
86 96
17 76
43 93
13 77
11 60
24 33
57 79
31 46
15 44
28 39
23 81
14 91
53 55
40 94
14 36
27 50
68 74
71 78
14 77
67 90
84 95
25 53
14 93
86 99
29 72
17 37
19 79
71 74
58 86
19 52
23 42
50 93
2 83
17 43
38 71
18 48
90 94
17 81
69 81
71 92
29 56
8 50
30 71
22 45
52 90
48 51
8 51
24 35
28 100
13 21
70 88
49 100
64 70
38 78
16 69
66 96
33 37
7 24
11 26
17 96
61 69
17 19
14 33
49 87
8 66
54 70
28 79
9 41
31 56
70 93
9 17
59 100
50 86
54 82
57 90
20 92
2 94
46 78
72 80
47 75
7 88
23 92
65 86
14 81
28 36
40 57
62 83
72 83
16 24
6 97
13 64
60 100
75 82
6 77
63 100
47 79
53 61
31 43
35 86
36 100
40 71
10 54
29 34
85 92
74 92
11 43
25 52
30 74
45 74
13 65
56 58
48 91
8 40
27 41
21 76
17 62
32 74
78 97
49 51
74 87
46 53
56 84
60 77
20 88
13 54
22 91
60 88
14 62
48 59
6 27
11 46
66 71
75 77
28 83
33 47
9 38
82 94
4 16
26 96
21 70
93 98
2 7
20 39
19 88
91 96
81 83
91 98
32 80
78 94
15 23
26 71
64 85
65 90
71 91
54 74
23 70
42 79
31 45
21 90
32 96
46 58
2 38
25 57
30 77
54 56
22 100
48 68
6 93
40 86
6 28
25 74
28 82
25 59
36 78
37 92
12 14
38 96
31 87
27 44
21 60
23 83
74 78
61 66
28 93
55 98
17 74
42 76
59 82
61 75
38 97
75 92
96 99
53 66
19 90
25 60
37 86
35 66
67 100
38 43
7 94
3 100
31 86
41 50
7 40
15 17
2 80
10 11
18 45
39 77
69 84
64 87
15 84
5 26
3 83
1 86
3 12
38 83
42 96
78 80
9 15
55 58
16 42
10 36
43 48
60 64
4 84
10 72
75 94
4 55
71 94
63 85
16 39
63 87
10 26
47 92
1 12
67 75
14 82
22 62
21 93
33 94
84 85
74 95
18 32
9 14
12 66
4 28
2 25
40 68
6 63
21 59
6 32
17 59
8 38
17 88
7 97
57 82
11 85
15 75
18 87
48 57
4 35
35 51
55 87
88 97
7 49
31 35
65 100
23 57
31 68
7 67
33 85
61 64
19 40
81 88
55 68
9 10
20 53
19 41
30 51
21 53
37 62
21 57
13 55
66 68
39 50
34 36
19 97
46 73
35 54
26 29
34 56
24 25
34 55
2 59
28 72
21 48
83 97
22 34
5 83
16 86
26 43
14 28
7 30
70 95
40 59
53 90
26 65
36 43
68 78
62 89
24 54
32 39
69 94
35 46
34 92
12 67
6 61
56 76
58 68
20 54
47 96
9 31
50 78
51 69
73 88
10 67
13 23
68 89
36 71
54 75
35 78
45 51
64 74
85 97
9 16
62 69
92 96
15 71
48 72
2 61
36 81
21 86
1 66
63 86
31 67
21 79
11 55
14 88
93 94
30 60
39 63
23 52
18 22
33 84
24 89
35 88
11 88
27 75
46 97
32 92
4 33
59 73
42 62
26 68
14 71
46 51
22 85
2 100
5 35
51 64
65 93
29 38
6 26
62 81
32 82
21 22
80 86
55 78
34 41
12 38
35 43
43 58
28 80
35 96
51 75
30 52
27 53
49 67
26 91
20 22
22 28
6 35
51 88
25 72
3 6
19 54
25 92
23 58
29 69
55 96
2 50
55 89
28 78
32 89
47 93
49 66
22 38
50 99
44 90
66 76
18 29
26 48
10 73
6 23
65 98
32 90
5 49
15 50
54 77
45 91
20 36
13 32
72 92
72 77
33 40
29 59
21 29
17 29
68 69
4 22
82 96
6 38
5 19
69 82
8 70
21 67
70 92
38 55
40 60
44 81
4 67
14 59
12 72
4 59
84 100
39 60
20 45
66 97
11 48
33 60
13 34
57 99
12 59
1 71
8 48
8 62
59 86
36 38
74 89
79 87
49 57
45 82
11 20
23 71
10 38
19 70
10 32
32 75
19 84
18 77
46 57
16 55
1 39
53 88
51 81
34 76
38 74
26 36
1 25
31 70
13 52
21 62
83 94
5 88
11 77
48 89
46 95
2 48
2 87
4 30
48 74
15 89
28 30
15 78
53 58
60 69
55 91
68 95
15 36
49 75
53 67
68 88
3 88
33 86
26 66
5 37
34 93
36 59
20 97
15 80
70 96
36 49
37 72
52 70
72 85
68 94
58 79
22 93
9 62
35 100
19 65
22 55
51 68
14 15
33 48
15 24
72 75
70 98
47 99
49 56
12 95
9 80
36 99
35 70
61 91
33 63
30 45
43 81
31 39
17 90
15 59
13 35
8 35
56 57
2 62
44 100
11 37
53 71
14 35
30 44
11 81
34 62
37 79
37 74
65 85
66 84
52 61
35 74
14 98
16 22
3 23
42 89
27 30
7 45
28 86
51 66
31 42
30 62
12 32
14 43
48 58
47 86
3 37
53 95
88 92
32 65
29 100
62 86
60 90
63 80
24 60
10 63
56 61
8 9
72 87
81 89
1 77
80 99
63 74
41 58
21 64
1 63
25 68
6 36
7 98
28 67
65 88
38 81
2 51
39 90
85 98
21 51
21 45
26 97
45 88
51 52
62 66
64 88
44 65
7 87
38 61
24 86
17 66
19 63
2 78
3 15
75 97
52 79
18 31
35 39
65 67
9 86
53 76
43 80
23 69
28 49
83 86
23 62
56 92
5 85
38 48
22 71
16 80
18 41
11 47
9 60
27 72
11 71
39 86
22 87
7 72
1 35
25 87
22 47
18 96
47 81
1 99
57 78
25 42
50 52
7 84
96 100
12 77
4 14
5 11
57 60
48 55
19 74
57 59
37 83
51 74
4 98
51 98
74 85
48 71
15 100
41 74
30 43
76 81
72 82
1 55
62 98
23 73
3 7
45 47
3 68
45 57
32 41
10 20
41 82
30 82
38 72
74 76
66 67
31 93
58 92
71 84
54 61
61 90
58 62
36 52
64 84
19 56
27 100
17 83
12 56
74 84
55 100
38 39
39 55
61 97
35 47
84 92
71 97
18 86
74 77
46 93
56 97
23 79
9 21
62 75
55 99
8 23
3 98
20 21
13 40
32 98
86 89
24 94
47 83
8 22
18 93
1 89
30 81
10 34
24 67
53 82
41 53
15 68
27 64
18 34
14 30
41 78
12 27
25 91
3 38
12 68
62 72
52 94
75 100
33 41
22 83
42 97
86 87
34 37
12 41
20 61
35 68
22 70
80 90
28 85
81 84
57 75
36 41
38 69
3 49
72 73
36 57
31 71
3 40
14 32
3 60
55 72
4 42
22 77
20 46
24 27
13 43
20 59
7 65
3 51
42 95
30 83
4 61
11 87
78 82
1 65
41 48
49 70
11 16
71 100
18 97
2 31
28 60
43 98
45 77
8 71
17 91
14 42
63 77
2 44
36 53
36 68
29 68
31 83
25 69
76 83
2 6
53 64
9 44
23 35
8 59
67 87
65 97
45 90
9 76
10 66
10 14
40 41
6 75
2 21
4 39
27 48
84 86
28 91
76 99
2 93
50 82
12 88
12 28
17 46
9 67
13 25
44 68
16 96
29 65
69 95
37 39
33 66
54 86
77 98
19 96
63 75
20 83
41 98
65 66
30 57
62 91
30 98
35 38
31 61
17 39
17 72
30 92
59 93
23 95
55 67
54 84
6 80
29 74
63 64
87 93
9 13
61 92
39 62
52 92
14 75
55 74
62 90
33 73
3 85
33 50
17 69
14 26
73 80
15 35
91 93
45 94
68 82
57 64
61 62
23 98
41 67
18 50
39 46
24 46
12 35
47 67
13 39
10 44
8 85
18 61
17 32
19 44
19 82
69 71
79 82
33 43
67 81
26 73
19 80
33 96
14 16
56 83
1 94
30 99
47 71
28 29
7 36
17 94
18 37
36 64
40 100
27 80
48 86
17 24
7 16
13 69
30 33
7 73
27 97
6 33
20 71
28 54
70 73
36 50
45 64
48 56
6 40
30 75
78 96
32 99
2 82
8 86
45 63
12 31
48 85
73 86
29 45
27 49
30 97
39 74
11 94
16 92
7 50
34 50
5 20
75 83
4 32
69 72
46 56
19 28
30 47
3 46
17 100
73 87
38 73
59 74
81 95
43 85
10 88
77 97
26 49
17 98
46 61
37 73
59 95
34 68
7 56
40 44
57 65
43 54
53 60
24 91
2 45
54 97
40 63
21 47
15 91
1 56
37 41
32 47
56 59
23 97
11 95
63 83
8 31
76 77
13 63
64 80
23 89
23 90
24 65
33 98
9 64
20 87
48 53
9 35
37 99
3 29
36 40
8 56
62 80
17 26
73 76
25 82
30 42
36 84
5 89
46 64
1 85
37 58
51 99
2 37
48 73
59 60
49 74
18 89
14 83
81 90
60 75
35 79
5 59
45 96
1 84
27 40
21 78
20 55
61 82
27 31
13 73
63 91
13 36
24 61
30 86
1 97
66 95
73 93
34 83
16 81
82 98
43 99
25 83
14 66
28 74
43 84
60 99
19 95
42 92
66 82
1 16
53 94
7 31
2 17
23 33
78 91
21 83
32 43
22 40
44 76
16 54
37 85
7 75
72 95
23 61
55 71
27 78
74 80
38 82
58 77
31 75
6 54
36 93
56 95
33 97
63 99
13 24
30 61
69 86
13 17
12 85
44 80
8 28
2 22
33 67
35 82
1 21
11 72
10 74
9 61
14 73
13 58
13 84
39 99
48 87
53 98
32 81
20 84
44 45
17 57
19 91
20 98
40 92
58 88
19 99
30 84
45 100
80 97
73 82
3 75
10 49
64 95
15 39
15 18
10 57
24 52
18 44
40 64
31 92
31 38
56 75
76 88
1 32
29 70
21 72
15 28
50 91
79 95
18 98
26 51
12 99
28 48
2 73
56 66
57 81
19 21
24 76
64 76
41 57
26 54
6 43
63 79
16 72
6 57
27 29
86 92
31 53
49 88
21 71
42 71
2 19
36 74
61 79
48 61
30 76
8 49
72 99
24 87
22 29
24 69
61 65
58 78
33 95
30 95
50 61
46 81
90 93
56 99
12 50
15 46
4 54
19 60
61 85
16 68
11 78
65 81
20 91
71 93
19 62
52 65
83 100
8 57
26 95
80 89
12 63
54 55
82 93
80 83
42 44
39 89
15 21
26 63
75 78
41 71
84 93
26 39
66 78
12 15
76 100
6 72
39 56
13 100
16 17
1 33
18 33
66 100
7 78
36 42
12 87
8 41
32 42
47 94
30 54
61 83
19 45
67 88
3 53
79 91
27 99
54 73
41 47
40 47
16 89
19 53
54 93
20 68
83 95
92 100
30 100
62 68
55 90
9 42
91 99
44 84
82 89
47 77
30 55
32 91
26 70
63 78
44 47
29 66
54 76
5 81
4 5
17 33
38 49
36 65
26 79
2 47
1 49
2 14
63 89
16 61
63 81
13 30
30 53
77 93
14 69
17 97
24 50
28 40
18 47
29 52
34 65
49 71
23 28
37 80
15 65
47 89
46 72
14 92
56 89
6 24
53 100
27 39
26 53
97 100
19 35
5 80
33 44
40 84
66 77
12 46
59 85
90 92
54 91
74 88
15 86
9 92
68 77
34 67
27 71
11 19
18 66
16 31
14 18
46 55
22 72
88 89
17 56
21 85
48 79
27 96
16 94
1 24
3 33
49 63
28 57
40 80
9 71
45 60
34 43
5 44
2 58
44 98
23 100
65 84
9 45
48 94
20 96
4 43
64 71
1 17
4 68
81 87
16 47
4 50
43 69
9 77
53 79
10 58
68 91
86 88
32 44
2 32
33 93
19 36
9 52
8 77
2 67
13 78
37 51
67 73
1 28
2 39
28 84
29 35
5 24
15 90
13 79
69 79
4 90
75 98
75 93
3 93
4 25
70 90
17 79
16 76
29 48
8 79
37 42
10 93
1 40
42 67
19 39
7 22
57 83
53 68
15 42
49 69
31 57
1 82
32 97
38 94
27 45
61 96
66 72
31 48
19 89
2 92
11 76
70 84
54 62
67 80
58 75
66 70
29 41
65 75
31 88
52 89
2 70
30 80
88 98
57 66
56 79
44 67
15 98
85 95
71 79
25 37
71 86
14 80
13 60
36 67
76 87
90 97
24 59
8 20
34 87
17 73
5 73
5 36
10 95
87 88
13 33
50 95
6 64
6 8
42 54
69 80
10 62
59 67
39 78
89 100
13 68
8 67
95 97
47 73
8 11
4 96
29 67
10 60
25 96
49 80
44 82
7 91
65 77
9 47
8 54
2 79
16 78
9 78
45 83
29 89
41 62
43 64
9 95
16 40
29 55
69 100
49 55
10 28
14 90
52 100
53 59
19 83
54 89
8 63
23 60
63 67
34 78
33 58
59 96
32 69
49 76
11 82
11 23
55 85
9 91
4 53
28 98
44 59
2 54
59 97
12 65
45 97
45 87
41 94
2 56
3 43
58 98
61 99
20 52
15 52
4 70
67 97
34 77
82 90
17 60
36 85
17 36
27 95
21 100
47 76
29 32
32 49
30 49
1 78
84 87
67 91
79 83
51 63
16 50
8 15
27 94
19 93
6 14
37 45
10 99
8 84
10 53
5 70
81 91
76 95
46 96
9 12
44 54
27 61
49 97
15 81
7 82
54 64
17 87
47 82
12 13
6 15
39 69
26 92
48 82
93 96
11 67
25 34
11 29
56 80
12 57
17 71
54 80
4 18
59 66
10 15
5 86
59 63
19 94
28 41
7 52
77 91
24 68
22 23
8 16
74 75
9 18
58 96
21 27
31 34
66 93
4 8
16 66
20 62
25 33
41 54
24 93
6 30
69 75
4 13
21 28
3 66
15 93
31 69
71 80
36 55
78 88
14 58
59 94
8 52
20 89
37 55
71 90
61 70
18 75
15 34
29 58
31 41
6 11
27 81
9 89
25 47
27 63
50 76
90 100
56 90
12 97
15 27
44 73
13 44
42 61
15 83
23 45
70 79
83 96
44 46
30 68
77 78
49 99
11 75
15 16
65 89
7 44
59 68
59 98
44 72
53 97
17 30
34 88
34 90
13 85
74 94
59 87
43 95
24 26
13 53
43 65
74 100
77 100
77 96
16 83
32 93
51 86
94 100
11 100
14 86
25 51
23 24
83 87
39 76
4 93
33 78
53 86
90 91
32 94
78 84
77 88
16 84
1 37
1 52
38 87
37 96
1 61
18 35
5 92
7 80
1 90
83 90
73 84
78 89
22 31
48 80
11 86
41 45
18 26
39 75
1 45
94 96
60 76
22 84
35 69
91 92
49 91
40 75
5 54
31 49
73 98
83 98
11 44
24 55
7 32
35 98
9 55
29 33
34 70
37 81
51 58
2 40
15 99
73 89
43 59
49 59
79 90
2 55
59 65
18 80
18 62
8 68
1 57
36 46
46 49
52 99
42 49
42 57
3 78
43 100
58 81
44 50
10 59
26 86
7 43
54 85
56 100
61 71
13 89
23 91
16 100
51 91
21 80
4 60
19 67
58 87
1 88
24 100
37 56
16 52
27 67
57 96
28 31
44 69
73 79
46 69
32 37
7 60
61 87
34 58
30 50
9 37
57 70
33 75
4 94
58 100
7 77
84 98
45 58
22 95
47 50
34 85
31 44
45 81
22 36
4 12
56 96
2 20
42 66
15 31
28 62
44 49
50 60
10 94
73 85
18 57
27 55
54 96
36 51
25 50
50 89
31 50
30 48
74 79
16 45
14 23
22 26
43 78
50 90
7 90
80 100
25 36
18 65
40 96
71 77
34 63
48 96
17 40
89 96
35 97
17 63
4 29
32 50
29 98
58 67
12 98
58 63
6 87
69 93
19 22
17 77
14 72
29 80
19 46
9 88
65 91
76 85
26 50
43 46
27 86
56 62
2 84
62 82
24 30
22 59
52 67
7 62
54 92
45 52
36 98
54 100
32 56
16 88
39 52
7 71
35 84
6 16
24 57
3 91
60 89
28 88
32 78
6 73
36 80
4 19
4 92
21 95
22 27
22 44
26 74
9 73
21 98
54 60
29 75
9 49
13 71
40 56
39 93
52 78
39 96
78 81
33 71
18 85
87 91
56 88
40 90
69 92
25 99
14 68
33 53
42 58
51 95
16 73
51 84
60 62
8 30
37 60
43 62
62 100
25 84
8 89
19 50
27 54
11 24
3 31
16 70
60 83
33 99
18 78
41 85
6 18
40 54
73 75
6 86
9 40
41 92
98 99
78 83
13 94
20 77
29 90
54 65
26 37
10 91
14 57
47 95
10 56
40 74
26 85
33 92
18 79
45 78
9 58
23 75
3 44
54 95
40 95
19 81
18 82
46 86
10 84
65 92
61 78
4 82
10 78
17 21
29 88
18 63
55 94
30 73
28 56
8 96
36 86
38 93
50 79
10 51
3 35
9 85
66 69
56 81
25 48
39 72
52 85
21 77
69 87
59 84
12 80
54 59
9 29
21 40
2 11
27 73
28 97
1 31
10 31
3 47
63 93
86 98
45 76
38 53
3 69
3 59
53 75
34 74
40 42
22 88
60 98
6 52
44 86
90 98
44 89
15 66
5 7
74 90
61 84
96 98
85 93
2 98
57 92
62 97
16 41
6 76
8 88
8 36
13 45
44 52
8 69
41 64
6 71
41 49
43 76
52 88
47 53
34 82
26 84
4 10
2 97
28 61
68 79
15 30
41 75
4 46
45 46
29 30
67 82
38 92
18 55
32 45
42 83
61 63
61 86
37 47
25 29
1 80
42 69
63 66
4 48
19 69
11 69
17 99
29 61
41 52
4 66
21 97
36 37
30 40
79 97
24 49
33 39
17 47
41 79
62 96
65 95
31 37
37 64
48 50
14 97
10 39
9 27
42 68
59 80
1 92
66 94
60 92
2 18
14 53
42 65
7 25
63 68
6 65
81 93
3 74
62 64
17 18
16 99
7 54
12 52
34 42
5 45
