1 2
1 3
2 4
4 5
5 6
3 7
6 8
6 9
4 10
3 11
2 12
3 13
5 14
13 15
15 16
3 17
12 18
8 19
18 20
13 21
4 22
14 23
2 24
7 25
22 26
1 27
14 28
10 29
21 30
28 31
26 32
4 33
22 34
10 35
8 36
14 37
27 38
25 39
6 40
10 41
33 42
9 43
8 44
4 45
17 46
11 47
21 48
40 49
35 50
3 51
15 52
52 53
21 54
29 55
38 56
24 57
51 58
2 59
49 60
39 61
38 62
8 63
48 64
4 65
48 66
16 67
14 68
3 69
40 70
20 71
45 72
33 73
10 74
9 75
22 76
40 77
66 78
11 79
24 80
14 81
20 82
42 83
31 84
43 85
72 86
59 87
21 88
26 89
28 90
36 91
33 92
16 93
86 94
35 95
22 96
39 97
30 98
21 99
76 100
34 87
15 29
26 46
38 67
17 99
12 26
74 82
29 58
42 62
21 70
11 88
53 96
17 24
20 87
13 18
46 89
84 94
8 50
95 97
28 37
18 79
19 53
47 89
16 48
70 86
3 89
15 17
29 78
39 76
55 75
36 46
25 29
71 100
1 33
6 93
9 73
23 28
16 32
27 44
32 44
87 100
71 76
9 41
13 100
35 66
28 44
88 100
20 53
19 59
5 33
38 40
33 38
6 63
17 67
35 51
11 30
60 75
24 78
37 52
84 87
35 84
46 51
17 40
63 93
32 64
7 46
54 82
10 95
31 35
42 93
40 71
41 49
37 83
24 60
56 57
48 87
28 94
74 77
62 81
44 86
4 11
57 67
17 44
45 71
9 55
12 95
13 46
61 82
19 35
26 57
34 80
86 90
15 46
69 93
63 72
17 85
15 96
77 98
46 98
42 70
46 47
32 49
51 72
74 94
65 77
3 82
60 95
46 52
19 77
40 91
57 91
67 84
10 93
3 92
61 91
16 64
32 48
36 63
15 91
10 43
75 77
70 97
3 75
67 90
4 54
4 26
20 26
37 53
32 79
1 73
30 53
67 74
4 42
30 42
23 79
54 81
20 27
75 90
33 70
26 53
65 73
4 51
1 95
29 33
13 88
75 89
64 75
8 9
73 84
64 68
17 69
72 78
18 38
84 85
11 39
14 59
3 86
68 78
6 49
3 4
26 63
8 56
47 68
20 46
88 91
48 76
90 98
12 99
53 93
15 89
70 76
1 62
36 81
16 54
55 96
1 71
72 100
5 56
20 33
11 19
1 11
8 98
11 58
53 66
31 66
36 87
87 96
26 70
27 68
16 69
24 96
48 52
37 91
59 80
22 30
28 50
43 71
19 56
29 45
25 53
4 95
73 75
65 95
49 81
31 47
9 66
1 7
6 24
30 81
38 65
48 79
23 100
5 86
51 52
73 98
1 98
26 65
25 64
20 50
54 86
6 27
9 67
19 82
46 62
59 73
95 100
16 59
27 93
26 74
90 95
17 96
73 78
5 98
10 94
79 84
19 81
61 90
41 55
18 39
41 61
19 63
14 72
9 20
38 75
19 39
82 83
37 78
50 92
17 29
3 35
41 43
9 74
23 98
18 99
42 96
48 86
22 88
10 84
47 48
16 84
71 89
17 41
61 99
17 95
5 71
14 48
68 93
42 78
67 88
29 30
57 88
50 88
55 87
54 92
69 81
15 38
10 87
60 68
2 64
10 62
4 62
40 45
49 65
31 90
11 69
25 91
53 74
32 70
25 60
14 26
21 75
55 90
13 61
16 60
24 76
35 57
19 88
70 91
7 78
53 87
50 66
34 71
23 34
32 38
55 59
42 100
86 88
64 88
12 46
85 99
22 37
77 94
8 46
55 85
72 73
93 95
17 28
43 96
2 7
64 90
3 54
6 62
51 90
12 70
13 90
46 87
61 86
9 70
12 29
28 81
47 53
4 34
67 100
26 54
15 32
52 68
32 95
50 56
58 69
33 91
42 97
29 52
7 48
55 72
19 92
61 77
56 70
92 93
6 37
49 58
14 40
46 48
34 47
23 94
47 94
21 50
32 74
5 64
8 71
67 70
24 29
10 18
5 63
2 68
6 53
5 60
68 76
6 60
12 39
20 61
41 63
51 99
29 84
48 55
56 91
54 71
15 99
11 53
69 76
44 95
80 98
10 89
35 39
24 61
23 50
1 48
30 59
3 79
63 89
22 33
39 53
53 65
13 81
30 97
36 42
22 95
49 68
25 50
13 66
66 98
3 78
56 67
32 84
6 73
43 45
20 69
12 61
17 51
1 8
17 55
27 73
39 92
35 59
62 71
37 58
23 38
15 25
29 62
45 68
15 71
51 61
30 66
27 65
22 72
71 75
3 8
12 77
26 90
4 57
45 54
29 61
38 89
20 94
39 74
39 55
23 32
77 91
74 92
20 36
59 62
14 56
82 99
11 66
31 34
45 89
8 96
55 82
59 79
46 93
7 22
52 66
49 72
8 42
46 68
8 78
20 80
31 100
22 27
52 73
35 62
57 59
48 90
11 82
43 48
24 26
29 68
53 63
47 65
1 16
35 44
59 72
20 29
33 93
37 67
43 90
9 23
41 100
31 75
14 21
80 100
49 79
29 43
1 66
6 68
1 40
29 92
52 70
16 73
7 34
22 66
41 47
40 93
23 86
44 62
27 96
7 30
24 34
29 66
24 95
1 59
10 28
39 77
17 60
25 71
48 82
25 80
27 56
43 75
22 80
30 34
18 88
6 33
83 100
71 93
60 67
8 93
27 88
2 36
76 87
44 71
85 91
37 100
26 73
23 52
14 96
23 80
35 94
14 94
23 83
18 71
15 64
58 84
78 93
21 24
45 69
73 82
66 100
28 45
13 92
28 79
38 41
25 83
51 93
20 41
12 59
42 45
67 81
5 96
21 82
17 77
8 31
27 82
51 66
35 80
1 24
88 98
85 92
78 80
45 93
75 85
34 53
17 25
11 93
37 43
80 94
75 100
33 66
28 98
20 86
23 60
69 84
68 77
7 73
41 58
29 40
11 13
7 91
7 99
16 56
27 59
27 40
12 79
6 89
26 61
14 99
9 62
71 98
5 7
33 89
53 59
33 71
67 76
64 74
40 96
27 35
6 70
3 83
94 95
26 38
37 77
8 43
25 28
29 63
24 41
61 96
29 54
15 92
17 45
34 77
5 45
6 71
34 73
17 89
12 91
30 74
71 95
54 63
46 50
14 24
28 49
9 10
19 38
35 56
41 50
13 53
26 50
81 84
69 99
58 95
38 55
23 49
28 72
61 70
55 84
5 39
17 73
36 90
63 77
50 62
21 52
32 72
39 91
59 66
34 38
78 82
12 60
33 54
48 60
3 61
73 88
2 90
26 47
15 35
27 52
20 52
27 29
1 69
33 47
18 21
2 87
34 66
9 18
19 79
30 79
21 79
7 66
33 46
51 55
24 66
1 80
9 48
12 43
12 54
31 46
12 71
5 81
9 32
60 78
29 37
8 91
77 92
41 95
26 27
29 88
79 81
52 58
25 45
13 91
31 62
13 41
15 72
18 25
53 94
24 82
56 58
66 86
1 78
10 25
63 85
31 81
2 33
60 87
3 22
64 99
53 62
25 67
70 90
41 64
16 74
11 36
41 81
4 72
79 82
30 37
73 99
53 100
38 46
11 95
18 81
28 84
15 78
23 55
58 67
51 85
13 99
7 20
3 21
18 45
21 59
16 50
8 51
4 70
81 86
33 72
31 98
53 99
25 51
29 36
8 70
35 55
15 47
33 98
56 74
34 96
18 63
34 45
22 99
9 30
3 29
5 99
44 99
50 54
5 49
45 73
12 94
54 77
51 69
70 92
3 53
25 62
55 78
26 45
36 48
3 88
77 79
17 70
4 9
47 79
13 23
35 92
27 66
4 8
14 35
57 63
11 14
40 75
20 70
9 86
27 31
18 28
45 100
13 73
13 75
16 77
34 81
55 71
14 43
14 92
60 89
16 31
33 81
18 67
2 16
57 84
1 5
1 51
21 44
9 78
35 46
69 91
3 19
64 86
61 62
21 26
7 28
82 95
14 32
4 59
47 75
16 18
27 36
13 34
48 50
54 89
66 74
31 63
31 44
43 83
25 98
5 55
13 31
7 13
8 33
7 84
51 62
3 99
24 50
5 88
29 97
58 73
7 97
50 72
53 88
45 61
15 73
38 83
19 87
62 77
12 24
26 66
48 77
21 35
33 37
6 28
29 64
34 39
90 97
32 68
51 97
23 87
34 69
21 93
30 44
82 84
23 92
28 93
39 64
4 98
29 59
1 30
39 60
86 98
38 47
7 29
2 35
19 97
11 62
2 93
26 30
23 90
20 76
45 90
61 98
73 91
15 22
36 92
41 70
37 96
38 84
19 26
28 80
3 58
18 60
32 96
74 80
34 37
31 51
8 66
36 77
58 80
19 52
72 94
37 42
55 62
55 68
38 79
5 58
33 56
49 62
7 8
16 23
24 64
9 16
10 81
23 48
42 54
72 89
29 47
7 69
6 46
29 60
32 71
35 75
12 85
57 86
12 90
38 77
28 63
5 80
9 17
35 53
28 91
3 36
56 79
32 86
21 91
29 90
36 47
55 77
88 99
31 58
26 75
56 85
21 36
46 72
9 89
1 63
18 97
44 94
66 94
3 42
49 96
63 87
33 90
2 15
62 89
2 74
20 74
32 46
68 88
6 83
42 74
59 67
9 71
29 44
21 77
46 60
37 41
40 86
12 92
60 66
6 94
20 60
28 41
57 100
5 22
31 74
59 100
24 42
33 82
66 79
5 28
29 49
10 97
7 100
7 67
8 16
12 96
45 63
50 74
71 74
50 63
2 14
13 44
31 45
31 72
49 64
4 74
46 88
58 62
11 48
20 66
4 66
49 95
69 73
84 89
35 88
72 98
32 91
76 84
54 84
11 59
1 29
36 94
7 86
22 28
81 85
57 95
32 69
54 76
8 95
52 90
16 52
67 86
16 24
49 50
56 87
1 28
15 98
9 100
58 96
67 78
38 88
42 85
12 44
3 26
8 24
55 70
56 84
22 78
16 51
14 67
14 76
90 93
76 97
6 52
31 82
6 77
47 71
27 50
32 58
27 64
14 91
25 33
66 89
3 87
35 45
54 60
6 39
59 98
42 69
57 94
17 22
13 77
29 76
10 88
17 59
85 100
28 73
9 28
4 68
6 43
25 81
48 59
64 71
56 88
3 23
43 82
5 83
11 17
15 56
10 90
12 67
13 68
39 47
8 22
51 79
44 90
13 58
40 44
73 80
57 64
75 92
66 97
61 88
16 38
64 83
85 95
4 27
9 57
24 36
44 73
15 44
6 14
16 39
62 85
17 84
31 42
12 32
35 58
18 46
14 84
35 86
13 74
56 98
39 56
59 76
13 17
50 81
79 97
42 47
3 94
74 85
8 62
29 46
40 81
39 99
4 7
12 88
35 89
33 50
15 68
80 83
1 61
76 90
26 35
3 14
16 66
3 91
41 87
23 91
43 55
76 77
43 59
32 89
72 87
18 58
32 36
45 50
66 68
63 84
84 88
36 44
52 84
13 72
15 94
41 46
1 36
55 99
8 37
52 100
31 39
43 99
10 11
37 82
12 13
5 67
22 71
44 52
10 65
63 80
73 81
63 82
37 70
14 97
44 76
28 87
44 88
62 83
45 94
22 24
1 56
70 98
15 88
58 78
1 31
24 86
28 38
9 63
49 69
87 92
45 98
7 14
66 91
85 94
89 98
77 78
26 98
51 54
70 80
16 91
14 75
46 78
71 82
27 97
23 53
23 67
65 72
37 60
23 70
7 52
2 91
85 93
75 86
8 68
57 98
77 95
8 55
36 78
40 65
29 74
39 75
17 74
23 29
81 83
41 88
38 49
48 88
60 97
29 77
36 58
56 77
80 88
27 49
6 41
21 32
7 45
40 83
9 35
36 95
14 17
96 100
27 94
3 59
31 41
19 40
21 33
86 92
31 50
28 53
20 58
65 98
24 99
10 45
2 32
54 95
2 99
34 85
3 37
19 100
50 96
57 92
63 74
47 76
2 13
59 74
41 83
70 82
28 77
30 58
45 67
13 32
54 87
49 71
15 58
24 70
55 63
24 55
76 80
57 66
21 46
15 81
27 42
84 92
15 19
3 31
63 99
60 76
26 60
56 78
82 89
22 52
55 89
35 79
54 70
47 67
49 87
65 80
3 63
36 79
8 40
18 43
4 43
28 56
19 44
44 100
27 67
27 85
23 62
83 90
28 30
24 91
9 77
11 54
16 87
38 97
9 76
63 64
12 57
17 47
26 41
27 58
54 74
15 59
3 32
23 47
74 84
21 81
55 93
11 78
34 59
23 25
34 65
10 77
6 74
30 68
19 67
9 61
3 20
21 89
71 83
62 67
8 54
33 61
22 89
50 57
6 75
6 78
31 43
52 75
20 62
43 61
5 19
34 98
11 51
26 77
24 85
7 92
14 58
11 29
57 69
42 53
37 64
39 54
9 44
54 98
10 27
6 42
50 80
9 36
35 42
20 57
24 71
32 57
66 99
63 79
48 97
18 42
63 76
62 90
2 94
62 98
49 82
19 70
30 93
26 28
14 65
9 49
57 79
7 57
7 11
64 67
6 91
33 97
3 66
56 76
14 51
2 92
68 89
42 57
29 42
32 53
84 93
33 85
32 65
20 32
16 29
57 83
31 79
62 86
15 97
31 38
30 52
76 93
43 44
12 27
81 97
18 90
45 79
8 23
21 94
63 98
41 82
38 50
39 84
5 89
55 100
71 86
24 30
5 68
50 90
36 74
44 66
14 88
36 89
39 73
38 91
18 44
50 78
17 91
56 72
55 74
12 22
8 92
19 24
14 60
30 54
39 82
22 45
23 95
69 90
1 57
11 49
17 30
7 98
62 93
14 62
37 40
22 36
8 32
29 51
6 84
15 31
3 98
7 41
35 64
72 80
44 83
67 94
1 79
24 47
16 78
53 72
31 80
2 20
59 90
17 54
54 80
71 99
38 72
49 84
33 77
6 25
34 70
28 43
42 86
80 81
3 84
39 98
30 95
2 52
4 89
12 33
9 15
15 48
8 41
6 16
38 59
21 66
32 45
11 67
33 55
15 84
16 43
7 15
32 47
49 56
10 20
15 23
16 76
47 58
37 90
13 50
19 65
18 57
14 42
75 98
19 30
10 37
53 95
21 64
10 54
23 24
32 60
24 37
33 83
53 84
76 92
28 29
13 33
32 41
2 82
66 72
5 82
4 100
15 39
29 83
30 75
5 51
19 78
15 70
26 76
45 80
1 88
38 43
31 49
30 63
74 76
31 64
12 14
65 94
26 62
65 84
10 63
35 76
42 77
51 81
35 65
59 84
8 12
57 85
27 41
30 72
7 59
2 56
3 68
82 93
80 87
20 38
28 88
10 53
19 27
34 84
32 35
3 27
2 51
17 43
78 81
75 81
23 30
42 81
5 84
60 92
11 89
3 97
1 44
68 82
50 94
35 100
35 73
72 83
53 54
87 89
51 95
39 62
62 79
20 90
16 62
74 86
8 57
5 46
5 27
14 34
43 68
60 61
6 82
13 39
38 39
56 94
41 98
91 97
53 80
72 76
75 97
41 52
3 46
19 33
52 87
15 21
42 92
62 82
23 63
26 67
34 62
19 57
46 58
14 53
64 81
30 51
67 79
42 73
34 64
9 37
33 78
18 100
8 25
34 51
17 64
47 100
52 83
18 59
65 100
63 97
27 57
67 75
58 75
52 62
10 79
4 41
22 54
39 67
45 56
26 94
85 87
22 82
47 50
55 81
13 71
36 93
14 16
18 23
15 42
12 17
43 95
26 31
55 73
28 46
4 12
49 51
80 86
53 92
11 31
20 88
67 98
21 41
13 79
79 85
18 34
54 83
17 65
58 87
14 25
68 73
39 96
15 66
1 65
45 48
40 97
18 86
11 71
40 42
14 39
44 93
36 43
69 97
9 88
31 52
80 96
77 83
35 37
62 73
1 94
14 31
31 92
3 85
62 78
14 55
77 85
80 90
27 48
18 76
18 55
71 80
51 89
4 38
2 67
63 78
6 67
38 66
63 86
24 77
4 30
47 49
43 63
11 83
45 60
69 96
49 57
60 85
2 10
47 92
10 72
19 61
46 54
29 39
47 86
26 34
83 98
1 9
1 92
14 85
1 86
27 51
43 66
18 56
32 42
62 94
24 84
46 97
73 76
66 93
8 53
68 72
76 88
36 84
26 79
79 86
18 52
25 61
93 100
5 9
32 33
1 38
56 97
4 53
12 23
84 96
1 6
15 24
10 14
5 48
3 49
1 70
76 96
45 76
7 16
28 97
46 76
21 83
9 12
12 98
65 81
78 87
9 38
11 32
24 63
25 41
50 73
16 55
18 31
39 93
47 96
16 82
19 36
44 48
63 68
24 25
59 85
26 52
79 96
27 71
38 85
32 59
30 48
10 67
49 94
17 63
38 92
31 33
9 72
64 65
58 61
80 85
40 58
7 40
20 51
89 96
21 86
34 63
57 76
36 38
35 36
6 18
10 24
9 40
20 42
25 99
50 68
8 11
34 97
16 25
4 25
17 49
71 97
15 90
1 50
65 75
23 72
52 95
8 65
18 47
3 34
3 6
38 69
54 72
42 44
24 46
6 88
23 27
91 99
51 94
1 58
22 97
22 91
8 99
56 68
2 38
17 90
8 14
45 91
25 36
2 28
55 98
45 65
2 46
30 69
50 51
2 88
88 95
50 67
36 59
39 85
77 93
13 70
41 67
80 92
61 94
33 43
31 68
17 75
23 26
53 91
51 84
23 84
34 43
32 80
6 92
11 45
7 90
16 72
2 63
68 99
56 60
15 83
10 33
19 48
28 95
1 20
51 75
9 82
15 86
24 58
30 64
21 38
87 93
27 86
43 67
24 94
45 75
11 21
73 83
53 56
19 20
9 80
15 61
78 98
43 52
14 69
47 60
54 88
54 90
4 92
55 95
41 99
34 57
30 82
21 58
22 51
17 94
13 42
25 59
44 65
11 74
76 95
28 70
28 99
83 94
18 50
85 90
11 12
59 91
27 69
11 52
26 36
36 37
11 42
64 98
60 91
32 75
61 75
14 98
75 76
48 73
12 45
8 27
48 57
40 94
47 66
72 93
47 72
3 56
31 57
91 96
79 90
6 81
20 99
11 76
67 87
31 88
9 42
26 81
45 83
8 17
12 76
67 97
34 36
75 88
40 56
38 100
79 88
23 88
40 55
50 89
50 84
13 49
51 80
97 98
21 27
17 32
67 99
53 77
28 100
2 54
32 78
4 84
40 43
91 100
5 20
16 99
44 79
44 80
67 71
15 87
7 75
33 51
33 62
59 77
37 86
32 51
26 55
36 73
3 77
37 85
29 71
4 99
25 42
14 63
82 90
1 43
24 56
32 77
23 42
10 70
80 97
12 20
52 54
84 100
54 67
18 92
1 93
36 80
20 45
26 48
43 65
22 55
27 47
53 70
35 96
17 80
54 68
66 75
16 90
6 19
12 68
68 84
5 95
57 97
1 42
62 69
28 96
60 80
5 43
66 67
13 52
49 66
34 42
24 72
4 73
5 18
89 100
22 48
8 100
66 81
77 99
67 91
26 71
39 65
4 48
62 66
25 37
87 97
39 52
25 65
6 97
14 71
71 88
80 93
13 62
50 65
19 68
25 85
81 93
21 22
5 59
18 61
41 90
68 86
33 63
38 60
57 65
94 98
56 66
21 72
25 76
12 65
36 55
39 78
1 32
82 91
49 90
41 71
12 35
70 77
74 97
43 74
14 77
40 76
69 71
9 51
33 52
13 80
39 70
20 98
18 64
14 61
22 56
12 55
28 69
25 46
37 63
64 80
2 19
43 78
38 99
18 27
43 89
33 95
89 97
23 36
13 51
72 79
27 80
4 29
7 94
18 83
16 65
12 89
19 50
44 64
16 44
52 63
3 24
50 61
11 34
59 68
22 74
44 61
20 65
65 97
11 81
10 76
32 87
4 93
21 74
12 38
2 53
60 83
69 74
2 8
94 99
14 95
13 14
35 60
5 87
44 74
58 93
10 92
23 35
20 31
26 43
2 6
12 34
27 46
2 31
25 89
4 94
32 94
2 34
1 14
1 99
42 90
50 69
7 89
21 78
7 49
2 70
27 90
22 43
43 57
54 69
8 75
55 57
24 83
30 80
32 34
43 92
6 64
54 66
75 99
26 56
20 93
39 100
20 55
48 71
98 100
9 47
46 86
10 46
82 86
39 58
29 82
35 69
34 54
50 59
13 84
37 45
14 52
42 91
53 69
6 11
23 58
25 56
4 86
63 65
25 44
46 71
15 57
46 100
51 86
36 51
78 99
22 40
60 71
18 68
30 65
1 89
29 94
87 99
9 68
42 63
49 92
2 25
44 85
26 37
25 96
48 75
28 33
17 26
71 85
4 21
9 11
5 42
18 37
52 67
52 92
18 89
37 47
40 98
27 75
7 62
38 96
59 97
1 17
21 60
90 92
92 96
53 89
17 57
26 51
52 88
67 83
11 55
17 78
60 94
24 89
17 93
62 72
45 74
63 66
9 81
10 34
45 99
27 81
42 66
72 85
25 92
17 62
49 77
47 74
4 17
62 68
19 74
27 77
13 67
18 30
5 90
66 82
20 40
47 56
77 84
64 72
53 68
40 62
52 65
61 76
31 36
15 63
31 37
6 13
81 91
17 87
45 97
60 86
22 42
13 48
34 88
5 25
26 29
12 47
55 56
23 96
24 32
25 72
4 14
78 86
86 91
31 97
15 36
26 69
30 84
34 40
54 57
32 56
76 91
24 54
2 48
2 9
28 67
15 18
81 98
49 97
69 95
33 86
22 44
88 93
33 44
51 96
75 96
27 54
83 86
71 91
6 32
33 65
38 82
14 64
62 99
13 94
75 78
41 51
49 74
28 71
1 13
58 97
30 46
31 59
38 64
5 62
80 89
4 83
70 100
25 49
14 44
49 99
10 39
6 56
66 87
25 35
13 83
43 88
89 93
13 28
23 73
58 88
57 61
81 87
20 81
