1 2
2 3
3 4
3 5
1 6
1 7
7 8
6 9
2 10
7 11
10 12
2 13
13 14
1 15
10 16
8 17
13 18
13 19
15 20
14 21
1 22
1 23
3 24
8 25
21 26
25 27
11 28
7 29
12 30
26 31
3 32
19 33
4 34
16 35
27 36
6 37
1 38
30 39
31 40
39 41
38 42
16 43
36 44
15 45
1 46
39 47
42 48
45 49
11 50
5 51
17 52
5 53
14 54
33 55
16 56
26 57
47 58
23 59
29 60
11 61
15 62
7 63
1 64
28 65
11 66
30 67
9 68
6 69
44 70
39 71
9 72
24 73
16 74
2 75
51 76
73 77
67 78
46 79
10 80
12 81
12 82
39 83
12 84
4 85
20 86
40 87
57 88
59 89
2 90
59 91
21 92
1 93
34 94
32 95
24 96
15 97
56 98
77 99
4 100
91 101
43 102
102 103
101 104
100 105
38 106
11 107
83 108
38 109
35 110
82 111
88 112
77 113
55 114
12 115
15 116
21 117
4 118
19 119
44 120
30 121
117 122
82 123
79 124
29 125
121 126
53 127
59 128
20 129
32 130
23 131
124 132
96 133
38 134
45 135
21 136
35 137
3 138
79 139
31 140
14 141
87 142
131 143
69 144
120 145
98 146
123 147
35 148
115 149
79 150
70 151
81 152
64 153
32 154
110 155
129 156
121 157
54 158
63 159
118 160
140 161
88 162
2 163
19 164
36 165
160 166
77 167
145 168
53 169
121 170
80 171
78 172
70 173
16 174
145 175
38 176
114 177
65 178
90 179
48 180
163 181
150 182
171 183
21 184
41 185
174 186
123 187
111 188
131 189
98 190
91 191
109 192
52 193
102 194
58 195
154 196
15 197
23 198
170 199
118 200
146 201
93 202
125 203
22 204
134 205
54 206
199 207
132 208
183 209
160 210
28 211
119 212
62 213
137 214
202 215
61 216
27 217
176 218
78 219
87 220
175 221
116 222
101 223
6 224
223 225
29 226
85 227
144 228
165 229
179 230
63 231
18 232
50 233
28 234
191 235
54 236
152 237
71 238
134 239
111 240
127 241
131 242
220 243
194 244
9 245
175 246
97 247
179 248
66 249
79 250
209 251
182 252
14 253
86 254
186 255
236 256
127 257
61 258
149 259
231 260
117 261
165 262
59 263
7 264
152 265
165 266
12 267
24 268
239 269
92 270
246 271
221 272
113 273
146 274
193 275
129 276
264 277
277 278
94 279
171 280
258 281
250 282
43 283
60 284
80 285
7 286
153 287
138 288
202 289
212 290
187 291
126 292
200 293
150 294
43 295
256 296
263 297
67 298
211 299
278 300
146 301
148 302
269 303
6 304
240 305
37 306
27 307
250 308
226 309
191 310
309 311
107 312
63 313
190 314
285 315
77 316
166 317
13 318
9 319
253 320
197 321
150 322
170 323
30 324
147 325
311 326
88 327
246 328
49 329
108 330
101 331
269 332
20 333
177 334
18 335
144 336
10 337
211 338
18 339
278 340
289 341
85 342
219 343
49 344
224 345
18 346
218 347
201 348
162 349
176 350
209 351
210 352
309 353
7 354
307 355
204 356
158 357
119 358
205 359
183 360
251 361
94 362
258 363
87 364
265 365
161 366
15 367
209 368
273 369
22 370
92 371
344 372
161 373
45 374
116 375
353 376
303 377
45 378
310 379
147 380
130 381
280 382
266 383
344 384
181 385
288 386
78 387
342 388
202 389
11 390
133 391
209 392
60 393
174 394
119 395
89 396
289 397
387 398
78 399
226 400
2 401
30 402
199 403
256 404
202 405
170 406
264 407
82 408
118 409
65 410
284 411
63 412
284 413
302 414
179 415
367 416
32 417
346 418
196 419
294 420
204 421
308 422
312 423
9 424
121 425
262 426
142 427
144 428
175 429
90 430
104 431
351 432
138 433
399 434
5 435
376 436
147 437
282 438
79 439
356 440
110 441
373 442
237 443
349 444
81 445
293 446
226 447
91 448
380 449
233 450
343 451
38 452
113 453
417 454
344 455
380 456
116 457
148 458
416 459
78 460
89 461
73 462
447 463
297 464
188 465
364 466
68 467
43 468
350 469
235 470
344 471
267 472
401 473
236 474
148 475
324 476
360 477
194 478
108 479
35 480
458 481
266 482
314 483
441 484
202 485
218 486
203 487
327 488
426 489
28 490
183 491
54 492
172 493
243 494
138 495
286 496
126 497
459 498
48 499
474 500
351 494
115 353
92 237
29 474
389 484
12 221
132 163
112 258
65 418
286 481
409 439
327 387
355 499
33 307
2 354
6 478
421 477
221 260
343 432
68 255
140 466
269 323
315 388
203 291
398 481
73 219
355 460
57 369
68 305
60 420
121 343
264 498
183 270
107 485
22 324
304 362
30 134
235 389
78 353
160 231
135 230
24 212
80 481
205 425
54 367
65 333
121 338
149 354
304 402
222 267
36 430
33 108
201 422
88 102
409 498
178 270
43 168
299 321
159 231
179 309
395 487
309 350
204 475
69 105
8 400
35 161
43 401
185 271
243 325
5 179
45 254
316 328
54 494
427 487
140 182
70 167
18 27
118 474
143 250
175 176
466 483
283 408
206 260
225 500
16 343
161 339
78 453
306 307
199 282
24 204
5 12
178 492
211 454
176 478
202 415
222 432
95 303
262 347
140 473
185 483
310 406
164 382
423 441
198 345
193 244
348 449
227 260
112 481
243 260
22 166
96 386
317 376
143 393
113 477
11 160
224 233
179 257
431 446
15 244
28 139
323 481
14 191
353 455
294 440
314 436
385 399
27 250
174 368
178 271
214 377
67 490
84 95
153 325
114 493
286 499
272 329
407 411
217 337
179 319
271 374
358 386
52 119
242 423
55 263
50 293
83 402
17 143
171 438
218 448
94 190
17 81
369 481
71 492
329 456
150 408
71 330
222 245
290 352
51 148
51 408
24 435
28 400
21 213
270 488
400 449
264 270
38 278
369 416
166 396
333 437
224 307
226 311
117 396
261 269
17 319
133 314
287 449
366 408
20 160
154 270
179 228
41 109
256 331
93 270
9 317
100 259
250 386
82 454
290 357
92 320
302 494
246 378
272 480
147 275
107 388
123 392
86 165
81 414
328 336
140 157
162 383
72 483
216 324
97 106
112 230
164 213
300 460
175 282
106 477
63 500
37 466
279 347
153 461
31 143
100 225
35 486
169 257
100 236
171 440
410 454
334 429
192 485
174 392
143 311
225 352
130 374
174 445
452 490
313 365
56 258
91 248
140 408
141 227
21 376
217 362
174 432
378 497
49 251
374 487
153 346
56 284
277 460
55 60
120 488
13 254
322 391
60 288
114 162
248 459
206 327
211 246
371 466
375 477
228 283
33 47
109 138
282 394
4 216
26 96
270 321
198 393
107 302
139 420
219 388
196 491
127 316
381 383
98 491
132 280
294 478
323 415
26 171
85 264
90 165
201 322
371 491
374 454
323 470
142 179
31 359
345 431
21 90
32 496
346 358
2 138
357 425
130 477
156 454
100 322
48 68
6 393
86 240
106 228
425 474
28 182
425 459
178 436
237 492
412 414
96 238
31 487
27 144
60 221
183 423
274 478
61 466
293 428
55 98
289 477
17 174
342 376
82 459
275 461
197 338
221 326
175 392
396 399
453 466
119 290
160 225
37 186
135 166
128 400
300 367
338 343
7 494
200 203
231 286
150 341
224 312
7 340
215 217
102 180
210 211
118 245
239 277
169 284
64 287
184 415
164 285
26 205
3 183
1 286
178 294
3 212
238 483
242 296
378 380
109 215
255 458
316 442
210 336
348 443
164 360
204 484
72 210
275 294
255 404
194 271
263 385
316 339
63 387
210 326
216 235
347 392
416 421
201 412
175 367
182 414
22 162
93 121
233 294
74 425
85 184
101 464
95 174
249 289
132 318
153 378
114 409
12 166
79 425
128 204
302 325
140 268
6 363
259 321
106 432
59 317
8 338
17 188
7 397
82 157
85 211
175 215
18 487
157 348
204 235
80 384
135 451
87 155
88 397
407 449
35 131
100 465
23 257
331 468
307 467
85 333
64 461
19 240
88 181
110 409
127 134
53 220
19 441
330 351
21 253
62 137
83 283
41 72
250 321
55 298
62 68
39 342
34 275
393 493
73 275
312 335
329 340
85 475
201 234
111 124
136 355
42 419
2 38
172 194
321 420
317 397
73 334
124 183
9 116
63 126
195 328
23 399
258 374
371 459
185 407
295 326
283 381
259 340
190 253
65 426
243 436
78 468
189 362
385 404
154 224
232 439
69 494
46 435
192 434
12 367
6 361
48 468
44 101
56 476
10 136
268 358
220 454
96 347
331 409
50 78
54 67
169 451
378 392
388 473
167 410
13 423
89 168
71 236
54 375
120 392
278 435
245 351
387 432
174 464
97 485
309 416
262 269
255 342
192 396
118 418
115 458
48 417
161 261
258 383
16 281
168 186
397 466
267 386
367 434
21 319
455 478
314 393
393 437
230 417
3 239
62 269
52 175
68 447
122 366
233 352
21 424
469 488
337 488
254 375
5 346
106 132
133 408
352 373
162 465
26 456
14 158
222 451
14 499
300 385
302 400
405 495
113 416
21 51
293 304
57 229
47 426
63 81
86 382
22 303
126 380
478 480
134 490
212 408
329 443
147 358
73 280
400 496
27 464
148 410
48 151
152 335
134 153
23 49
17 491
122 471
197 428
135 414
132 188
72 188
303 363
250 300
54 99
114 492
113 123
29 422
233 355
2 5
89 190
412 428
32 143
300 447
44 127
53 149
138 378
189 350
90 169
376 433
294 318
326 406
110 200
223 321
223 498
216 257
82 205
289 490
49 230
150 331
193 354
152 491
320 499
90 132
69 272
272 285
340 431
359 428
21 182
76 103
129 431
369 423
130 322
168 496
52 338
119 328
100 482
170 322
21 449
51 92
239 455
140 420
134 287
144 449
162 467
126 357
2 297
14 170
30 165
12 212
148 404
11 284
309 390
225 274
175 439
25 244
189 343
220 309
251 358
2 147
348 351
260 360
128 274
13 247
263 299
88 401
8 75
162 190
445 486
236 343
365 474
79 279
82 149
284 482
11 408
77 371
410 471
41 170
23 210
64 332
251 458
308 460
419 444
125 418
26 157
401 425
87 388
126 466
95 474
95 451
334 404
255 274
26 373
33 301
27 348
12 270
389 471
169 352
66 362
94 383
240 423
149 402
320 363
404 488
211 372
224 271
135 348
102 257
2 112
34 104
48 296
179 289
292 330
162 238
41 215
253 372
169 377
97 293
3 455
61 168
215 274
75 156
53 478
268 311
90 203
133 246
69 266
205 452
34 394
334 336
197 487
215 249
89 196
240 241
186 422
6 58
70 449
121 372
408 470
57 185
68 193
79 445
404 422
8 309
156 500
199 465
2 468
81 315
10 33
115 492
75 433
20 198
182 299
78 356
112 337
263 272
205 309
137 199
243 415
188 370
204 391
245 282
63 362
209 374
30 183
131 249
203 269
217 411
59 117
335 389
366 393
8 463
350 456
202 204
300 311
137 367
106 153
2 114
57 244
15 481
34 230
57 137
274 314
236 385
185 409
384 401
161 430
235 392
298 495
122 273
303 470
89 462
122 330
50 461
231 345
162 386
78 449
18 251
242 435
50 230
132 456
343 381
130 227
348 358
144 286
89 263
415 437
166 253
31 392
21 32
100 277
247 486
101 390
280 314
224 392
155 363
72 261
209 416
216 347
211 272
389 435
304 358
77 121
188 413
48 80
240 274
320 350
72 434
418 458
411 421
201 362
188 468
12 274
161 436
98 189
367 389
265 294
81 481
76 220
402 478
311 390
98 495
116 421
11 280
260 421
243 397
28 88
52 397
33 291
216 359
247 462
154 464
165 329
399 487
372 402
14 469
38 302
175 386
2 466
144 219
82 285
91 178
71 122
71 481
103 313
2 497
76 385
26 479
18 31
35 457
467 491
58 109
21 53
44 379
93 443
123 461
303 401
328 494
183 263
162 437
356 407
5 420
92 329
48 386
171 348
273 298
280 439
41 417
102 482
86 304
468 481
211 308
23 138
360 447
27 215
133 171
39 274
87 233
68 189
366 407
56 101
225 404
322 417
118 330
251 281
214 401
94 221
157 165
244 342
70 263
352 453
107 307
222 490
100 152
231 265
350 412
215 304
211 466
363 457
148 383
119 182
84 259
103 237
104 302
198 497
85 397
48 58
15 351
81 241
91 285
139 330
75 181
109 382
179 401
281 462
267 307
173 442
7 81
45 276
236 403
85 245
66 139
141 378
10 259
130 416
82 431
317 382
38 338
6 329
176 191
66 112
111 479
84 393
321 458
338 371
224 361
209 361
262 294
260 284
75 152
216 284
156 280
292 500
150 384
83 192
196 356
177 374
354 492
22 423
204 255
31 137
135 297
139 259
397 458
235 342
196 384
244 271
188 486
184 374
146 306
156 347
279 406
39 221
361 375
99 136
151 308
198 250
7 319
21 59
174 286
208 440
198 397
125 311
28 386
394 449
85 413
47 472
308 354
18 223
141 449
184 310
133 249
201 300
248 273
81 254
228 234
225 424
30 315
153 385
274 353
157 168
227 436
37 418
71 174
81 452
130 350
63 278
254 364
171 227
116 310
99 491
118 338
268 317
400 472
294 354
36 275
141 293
324 427
235 283
178 240
144 297
203 482
86 487
234 237
112 141
138 422
20 361
235 268
70 422
361 397
80 390
185 428
284 381
57 275
41 236
238 269
103 249
273 372
236 357
331 471
247 258
140 303
314 432
160 403
155 372
104 442
222 477
120 446
227 424
43 213
259 420
110 309
112 266
65 107
51 203
89 377
195 442
150 239
83 130
104 361
160 300
65 219
311 387
287 408
82 278
265 401
41 448
349 470
16 311
200 471
18 197
202 331
228 460
380 390
80 209
43 298
77 345
271 408
291 417
230 451
242 314
463 477
2 344
357 359
253 436
68 136
68 229
31 383
269 325
83 476
2 106
53 64
9 244
135 323
8 459
167 287
197 265
45 490
176 309
110 366
214 310
141 440
6 75
102 221
204 339
27 248
244 264
84 286
101 135
128 491
176 399
302 393
350 382
288 412
28 312
165 463
143 498
28 491
146 417
109 267
213 425
344 468
316 396
429 465
295 469
337 439
33 466
354 486
377 398
319 396
163 375
55 104
393 426
20 83
98 441
266 365
206 293
157 430
262 291
298 430
38 335
161 231
239 317
32 275
10 234
72 417
19 96
130 292
259 493
223 295
167 455
184 354
106 380
374 429
64 263
193 387
9 313
237 274
155 360
161 492
62 439
252 492
14 75
55 274
162 490
33 73
3 285
33 450
17 169
286 358
214 326
80 373
115 135
186 339
193 491
145 394
282 468
57 64
61 62
170 492
23 98
67 141
150 218
183 202
46 439
224 346
381 430
171 191
116 224
35 212
256 392
347 467
213 339
344 410
35 78
285 408
61 418
317 432
19 144
128 136
51 381
182 419
69 71
79 182
143 433
281 467
226 273
180 319
433 496
216 314
404 445
93 434
83 156
294 401
130 299
171 247
28 329
7 336
94 417
318 337
148 465
36 164
400 440
180 427
86 248
6 136
360 442
17 124
448 491
347 381
107 316
113 169
33 130
48 442
107 473
197 427
106 233
20 271
26 168
254 328
111 355
70 273
236 250
281 284
45 64
156 248
109 450
121 214
6 240
75 430
96 278
199 432
82 402
76 451
182 214
286 408
145 163
412 431
339 463
148 185
314 332
273 486
145 329
327 349
130 197
39 374
311 494
16 292
62 442
407 417
250 307
24 296
134 350
105 220
136 159
75 283
32 204
346 456
128 219
47 130
46 303
100 217
173 187
129 169
138 473
114 416
59 230
74 459
281 495
2 450
343 485
210 388
277 497
49 226
98 417
46 161
149 189
37 73
95 359
66 466
268 500
268 446
7 310
40 261
157 239
296 470
43 138
56 60
156 423
77 491
145 436
413 447
154 237
40 250
147 317
300 415
301 325
41 220
132 278
359 398
97 209
194 211
70 373
92 283
8 228
276 327
113 157
64 368
289 456
163 323
10 365
212 233
64 278
259 387
16 48
135 222
137 167
325 340
100 274
30 429
156 186
47 336
89 375
43 256
171 480
121 319
26 475
354 373
39 225
26 51
42 339
199 476
63 208
115 441
136 217
33 189
327 446
226 385
2 337
185 351
202 458
214 448
259 325
449 478
181 389
293 314
181 452
223 312
190 459
275 327
35 50
382 405
236 296
435 484
127 475
102 121
23 344
55 288
231 479
273 404
32 491
430 445
213 481
139 329
332 345
311 409
61 165
199 215
83 330
121 344
61 330
233 301
66 492
228 401
345 393
98 448
34 234
120 460
316 482
82 160
269 494
44 470
99 395
370 415
315 483
228 414
96 131
332 428
64 162
84 272
290 360
295 381
160 442
15 302
266 282
301 316
153 494
231 407
2 317
23 33
122 262
116 191
191 378
190 357
67 330
202 310
321 483
461 462
316 386
221 259
43 232
274 329
22 240
22 400
244 276
116 354
237 485
7 75
95 372
253 494
23 61
274 296
271 455
278 427
80 474
238 382
277 458
331 375
112 301
6 54
36 193
356 495
367 378
304 433
38 321
33 397
63 399
213 424
430 461
173 176
369 386
217 313
156 359
185 412
44 180
155 220
128 208
34 450
18 450
102 322
367 433
435 482
101 221
102 225
413 424
310 374
109 361
320 346
314 473
58 113
255 474
361 430
113 184
39 299
248 487
98 253
232 381
184 320
244 345
195 424
157 317
119 191
320 398
192 440
399 447
288 358
99 319
30 284
145 500
297 480
273 382
188 457
123 290
47 124
375 403
149 310
250 446
173 188
364 495
139 315
18 315
110 357
152 324
118 444
371 397
270 413
356 458
92 137
40 64
238 331
279 449
156 475
88 376
32 101
5 68
129 270
72 421
215 328
32 454
250 291
121 274
263 407
261 262
79 295
210 367
118 498
251 326
233 496
299 312
128 448
73 402
154 456
56 366
6 310
212 277
23 357
157 281
119 321
221 486
24 176
176 264
41 257
154 326
6 443
79 463
63 119
72 316
57 106
427 429
104 359
186 192
231 353
49 188
21 471
157 448
84 256
42 171
316 454
343 414
366 467
21 74
359 371
302 319
226 321
326 420
136 271
74 436
61 279
61 148
230 376
108 449
55 180
37 285
257 264
299 372
132 313
24 487
122 129
269 424
165 261
78 158
459 495
233 395
95 330
450 461
346 481
193 390
51 388
99 156
238 335
250 412
15 46
254 404
15 154
90 302
113 423
319 360
161 485
168 216
111 278
491 493
81 465
344 380
191 220
329 345
93 171
62 119
165 452
200 283
81 495
101 184
157 308
95 326
480 489
112 263
155 354
77 476
292 458
93 182
280 483
34 313
144 442
239 289
21 215
163 426
199 236
31 346
178 275
314 398
271 341
484 493
239 326
266 278
437 458
115 212
276 500
24 113
19 90
271 292
406 472
356 439
206 306
413 414
313 484
91 416
201 453
133 198
166 300
12 466
169 457
107 474
204 281
436 500
145 212
53 241
142 301
73 164
311 362
194 361
273 330
61 477
52 165
257 301
164 371
52 245
267 355
3 219
391 440
299 395
117 154
7 247
172 176
140 351
16 298
19 255
84 493
33 472
394 468
95 237
300 473
130 361
280 496
248 262
382 455
277 342
199 287
156 444
426 482
367 377
87 382
4 30
32 387
26 421
454 495
152 399
13 213
63 135
30 244
298 366
64 354
405 498
104 207
329 488
117 415
238 257
38 332
113 146
36 92
282 426
58 202
210 449
56 340
259 414
183 220
135 196
163 447
313 449
266 414
213 489
82 395
71 361
315 363
108 459
13 375
252 490
335 476
310 430
35 298
72 493
14 109
217 437
66 229
50 154
147 161
47 228
202 347
114 436
129 283
151 465
129 471
428 435
80 149
15 235
28 192
229 240
47 398
235 374
313 472
277 414
26 189
367 443
96 324
258 411
300 390
276 400
77 239
326 373
300 335
93 433
119 450
140 235
302 448
321 388
180 284
141 213
56 126
33 225
360 440
338 377
252 345
345 383
112 186
159 262
190 482
130 143
143 474
196 486
284 409
51 80
268 344
125 236
71 488
101 211
47 445
207 370
64 380
307 466
20 316
102 335
285 338
258 414
198 322
46 137
442 472
191 479
288 457
17 177
321 422
93 113
324 348
258 327
77 94
24 314
237 333
63 102
261 298
81 404
183 413
12 179
57 228
213 380
271 462
117 145
310 444
134 463
364 458
26 298
20 274
100 223
465 488
385 472
199 309
100 443
218 294
275 464
63 445
140 390
145 495
108 381
25 96
156 270
268 304
99 264
314 317
168 368
246 462
264 421
3 438
126 419
252 397
114 366
81 287
247 316
191 445
241 458
4 450
169 443
9 77
12 312
9 324
123 253
203 458
260 268
136 304
86 359
44 309
202 271
390 402
34 51
193 335
440 498
379 419
116 135
260 267
187 398
9 351
120 427
125 377
185 491
67 239
212 312
112 413
119 216
139 237
267 413
28 128
2 414
28 158
410 429
55 422
146 405
27 281
90 220
5 379
128 369
130 404
88 485
124 494
128 475
83 285
180 493
3 313
167 368
279 459
146 304
118 268
70 143
28 133
33 346
78 279
176 459
172 234
306 469
129 388
308 389
340 442
176 242
212 240
93 157
1 294
291 367
17 139
222 320
15 135
59 465
265 273
438 457
197 453
25 129
215 283
377 449
38 357
36 182
132 281
229 438
105 182
145 469
203 296
117 166
91 331
315 319
2 476
124 126
83 211
70 274
321 324
8 262
100 448
244 480
47 175
166 467
113 212
41 387
156 265
31 308
289 438
202 491
242 280
388 486
398 466
157 327
365 379
144 222
415 457
150 385
71 143
37 375
26 271
252 380
176 422
413 415
140 168
67 495
254 476
90 351
135 324
32 214
289 415
311 420
168 479
147 334
155 337
78 406
173 217
338 454
50 74
305 369
34 259
333 383
205 454
458 497
176 410
79 487
1 491
233 482
203 332
142 487
444 495
6 428
8 208
154 398
47 268
208 269
127 462
440 467
239 480
300 395
319 431
307 309
98 309
152 427
248 268
18 167
216 495
246 394
247 473
213 227
11 173
248 496
67 319
110 196
205 496
244 349
57 264
82 406
220 332
400 491
54 325
77 168
20 409
23 416
38 228
474 493
273 299
393 460
273 435
43 354
102 402
21 478
15 309
183 339
229 382
201 241
378 395
116 398
146 298
143 455
121 369
249 374
306 409
28 159
390 442
431 439
21 195
98 500
166 353
343 383
54 211
251 263
389 422
60 251
36 464
65 337
445 493
204 209
65 260
298 414
67 127
178 362
33 35
342 396
132 211
249 489
258 259
76 365
247 368
254 484
111 264
288 311
183 318
255 372
91 144
183 438
102 304
28 330
95 318
159 457
291 489
219 302
41 451
226 297
265 408
45 444
107 487
80 294
84 237
135 367
164 202
43 387
58 318
54 348
83 110
320 384
191 452
125 139
97 138
40 177
182 387
116 160
285 328
36 190
48 95
300 459
176 321
129 195
406 434
284 443
461 466
121 316
96 132
43 149
1 140
114 487
30 367
60 161
91 283
74 282
63 451
16 50
268 315
8 115
327 494
19 493
214 306
137 445
399 410
384 408
53 410
347 447
149 150
91 380
142 273
276 316
97 267
146 208
80 352
9 347
203 254
331 467
58 327
481 496
397 407
254 342
59 417
73 447
284 317
357 412
215 355
75 239
226 343
69 282
227 493
11 105
174 425
419 431
129 367
169 180
12 278
131 282
230 399
430 451
147 473
137 271
12 98
240 419
303 354
18 189
59 256
51 215
53 82
86 317
292 460
138 275
127 363
156 394
78 441
237 307
177 426
27 124
122 381
416 488
147 294
282 437
27 169
75 209
418 483
66 458
145 348
67 321
31 247
25 314
93 224
7 308
16 223
2 367
73 162
83 273
48 105
219 241
143 378
193 362
123 208
316 330
60 375
104 387
228 274
321 386
103 332
266 293
56 325
54 70
269 408
268 471
39 336
66 429
274 278
284 313
52 148
296 401
14 43
410 459
168 252
189 206
137 357
2 294
71 363
362 470
209 218
4 431
17 374
115 295
204 292
329 427
358 498
31 408
411 448
180 203
203 340
26 443
57 383
57 74
227 335
287 433
189 429
169 487
447 466
124 463
213 342
94 164
241 394
129 426
189 330
143 302
168 450
97 98
90 388
214 309
90 454
337 470
82 499
183 397
215 245
339 444
136 344
72 257
61 460
183 398
23 463
220 379
165 181
396 409
244 286
350 446
230 468
7 377
180 283
447 498
15 176
30 399
366 462
49 361
5 212
336 370
275 404
226 455
216 367
124 265
44 339
104 319
259 283
10 198
38 72
53 462
34 417
327 334
382 434
85 249
152 227
313 402
323 427
142 248
292 478
62 98
225 394
59 495
227 472
132 316
221 430
38 195
22 224
53 332
43 372
70 438
16 274
147 357
88 288
277 324
277 412
126 373
340 360
130 283
334 419
300 332
77 413
186 497
141 300
111 135
284 389
255 340
219 449
259 339
60 386
76 314
125 347
54 476
9 185
93 377
193 424
15 383
34 66
276 439
4 293
317 490
178 333
86 453
190 291
32 194
97 312
19 141
284 478
377 388
342 448
104 296
288 364
16 284
1 137
152 301
187 338
213 313
296 450
29 261
174 298
92 390
272 459
7 105
247 401
142 490
151 383
173 484
115 289
328 452
297 458
11 67
178 235
175 307
30 495
63 186
71 222
248 407
38 86
313 341
5 126
375 412
1 49
63 93
101 417
191 394
34 376
299 422
125 384
31 457
73 269
66 292
74 91
151 203
237 466
75 178
281 305
89 331
221 454
98 283
17 500
35 383
111 258
175 355
4 204
32 279
288 396
273 427
165 398
55 477
155 484
260 329
162 170
304 388
127 395
87 198
239 313
37 157
154 358
130 308
475 498
23 99
100 166
172 421
189 336
7 343
195 259
119 261
55 409
19 89
145 473
177 365
69 375
82 418
76 218
27 368
119 401
294 402
136 356
110 492
115 146
97 193
208 225
257 452
299 342
133 271
222 239
42 183
149 498
103 208
100 331
23 328
222 420
325 484
157 365
311 402
287 305
62 277
87 194
58 433
233 359
44 435
57 359
5 338
18 343
286 413
249 409
158 278
107 415
236 254
156 428
238 361
208 372
166 289
239 423
116 406
155 230
151 290
63 480
129 304
231 350
101 167
94 488
162 187
485 488
424 475
10 177
337 458
42 487
37 167
355 382
200 460
342 452
211 376
144 267
219 441
439 466
276 452
124 139
258 275
35 451
159 496
231 243
187 228
24 244
322 473
308 417
269 373
295 493
237 394
45 390
221 274
304 470
332 467
99 258
53 460
315 449
8 408
254 408
369 406
61 478
114 225
234 358
5 423
210 467
330 492
160 232
64 237
170 415
64 175
333 420
359 463
75 273
104 203
100 470
98 443
221 305
127 421
258 295
101 153
22 194
324 434
73 362
247 444
180 401
121 371
163 494
234 293
144 387
281 498
136 385
93 164
216 248
100 438
259 365
178 320
253 466
12 414
314 422
163 414
94 426
106 275
156 217
229 420
133 342
15 438
62 191
149 344
160 495
57 336
260 349
253 475
94 255
178 385
48 141
76 318
32 175
400 455
96 222
84 251
325 338
332 458
95 136
191 289
150 313
371 448
274 342
316 439
142 217
23 151
326 331
96 443
150 429
96 124
42 254
40 490
172 180
420 465
130 379
58 225
118 451
237 289
96 255
77 484
163 328
196 494
306 437
17 99
89 164
137 419
397 417
1 10
263 353
253 304
73 250
7 158
29 397
67 186
105 412
263 414
274 406
462 469
257 367
219 467
243 394
317 324
216 372
29 469
183 319
309 453
91 125
334 492
90 373
10 176
214 320
186 445
126 304
146 238
296 371
20 53
86 269
62 211
102 215
38 482
100 134
17 222
97 167
136 263
274 407
130 271
413 474
19 470
371 415
298 377
15 103
254 386
52 114
151 336
100 129
19 332
84 306
16 289
287 452
71 434
6 181
8 327
65 335
53 421
219 294
332 357
203 429
283 468
308 489
88 482
374 375
166 212
32 288
81 196
273 465
6 281
110 180
104 306
129 210
137 404
195 276
43 304
22 174
122 223
188 474
63 109
224 467
51 177
489 498
194 462
202 419
159 243
60 223
28 31
54 143
312 429
149 188
287 313
166 240
58 293
180 437
140 234
130 216
398 478
103 416
356 496
334 385
370 459
140 456
171 460
165 478
178 464
37 324
98 371
26 414
97 385
87 116
156 326
157 290
365 485
192 477
299 339
93 403
214 251
143 441
168 317
253 254
442 448
266 395
16 301
51 184
362 413
40 264
137 418
69 357
130 408
165 385
260 337
143 362
171 326
62 200
106 240
84 425
89 408
19 50
227 454
43 252
11 24
148 343
131 203
16 370
257 469
260 483
199 333
78 318
131 288
141 385
6 118
154 240
310 394
75 473
86 306
284 322
48 443
27 500
240 409
268 430
11 168
41 292
98 299
253 419
183 378
117 479
8 356
13 494
120 277
329 490
82 382
365 484
337 462
391 452
344 382
245 457
206 495
356 459
268 294
290 340
1 326
237 292
179 202
28 281
78 239
458 469
24 75
304 401
120 464
219 477
132 290
488 500
161 439
21 289
197 495
108 447
294 344
163 195
66 476
185 274
186 437
441 459
99 295
113 124
57 128
16 481
31 388
65 118
25 86
101 110
120 226
265 322
78 376
113 182
43 144
293 393
276 378
95 225
266 421
124 403
243 490
294 482
222 373
20 114
101 156
180 242
386 481
453 474
208 276
31 257
230 336
62 475
138 470
150 346
251 323
271 303
184 285
102 140
248 391
121 366
145 256
233 315
125 256
72 102
152 292
113 287
70 477
49 487
19 184
31 291
180 244
372 454
29 37
221 233
117 297
7 302
12 418
409 500
227 480
90 417
296 428
80 431
289 331
37 147
64 74
427 468
140 347
93 101
99 256
317 449
333 483
181 336
76 413
43 336
387 469
115 442
259 299
26 438
128 453
188 431
309 402
323 488
7 174
238 242
151 417
67 488
398 445
47 406
35 253
286 354
94 315
260 298
240 435
88 282
231 483
289 452
87 115
270 307
74 225
253 484
65 496
167 303
304 385
231 422
302 479
224 262
3 292
192 255
173 344
62 487
217 302
228 476
222 406
199 408
43 65
189 236
313 424
348 466
222 452
251 492
151 469
38 364
368 454
68 296
424 441
32 282
51 70
314 455
186 379
107 306
88 179
97 341
475 476
25 73
52 492
375 473
47 346
34 421
287 348
88 453
344 364
284 460
102 497
28 461
179 268
390 460
175 458
193 232
338 415
215 330
74 189
41 75
346 404
345 346
304 460
78 333
88 105
129 330
67 282
319 467
38 82
169 261
311 343
29 229
255 384
238 478
147 196
47 71
255 382
126 240
265 300
245 273
36 496
17 232
134 342
63 107
265 461
337 400
225 401
201 321
18 369
64 137
116 337
83 453
164 463
48 108
309 385
65 390
11 469
469 492
14 25
117 266
229 427
41 344
238 341
297 309
173 404
21 258
107 232
40 121
165 455
228 361
101 437
111 340
97 128
24 154
31 233
317 484
40 79
279 361
196 322
365 440
7 137
264 343
149 248
92 97
339 452
62 175
27 260
142 361
8 18
280 411
145 379
181 192
94 490
97 411
141 181
92 421
148 325
118 293
53 299
275 318
248 439
312 442
254 425
24 374
363 468
65 159
81 443
205 219
211 493
159 391
295 330
292 474
144 457
367 462
201 417
440 497
199 416
203 307
287 302
165 318
107 254
252 412
163 499
137 302
142 334
105 445
11 198
117 212
431 464
368 492
211 296
174 290
56 446
222 435
21 268
176 235
174 217
310 470
268 473
26 388
306 404
168 223
56 115
437 476
234 428
350 457
34 433
266 379
226 257
315 368
300 469
101 342
232 481
133 181
301 352
258 308
270 373
156 211
94 116
93 170
30 220
70 470
141 248
231 391
380 428
237 270
145 440
138 303
95 213
186 381
132 310
64 124
306 386
417 462
347 464
4 340
113 451
67 467
270 357
277 292
60 406
56 372
119 312
150 225
160 418
270 446
252 383
116 283
19 473
181 342
260 448
428 475
224 451
142 163
25 443
172 326
35 476
44 318
123 251
96 129
40 195
288 328
382 472
75 83
136 257
16 390
270 303
269 359
132 221
42 358
153 387
189 349
89 122
61 335
350 379
126 254
333 499
152 332
121 437
158 222
233 396
417 445
212 380
150 280
287 479
198 211
112 354
4 327
326 463
115 440
27 443
141 171
306 332
9 63
135 301
209 214
471 482
16 287
176 490
86 110
401 490
39 99
165 228
102 334
309 340
154 341
197 253
191 305
132 161
111 458
307 341
187 337
6 354
318 355
226 376
320 426
16 299
33 434
26 458
318 417
151 321
161 272
220 252
111 443
345 376
153 183
214 379
108 431
385 440
71 208
314 498
23 184
96 247
258 442
121 458
59 299
429 479
298 437
187 350
247 307
219 485
17 477
174 191
64 158
159 292
30 410
189 383
321 338
247 452
145 387
9 223
191 457
45 271
195 261
169 269
228 354
81 304
171 233
223 228
80 167
335 346
47 345
220 364
234 402
41 477
82 442
36 480
417 494
18 489
329 353
7 197
407 440
49 353
286 397
256 400
131 302
42 126
57 337
41 212
13 43
15 104
363 467
322 422
84 367
376 392
269 465
292 307
202 226
180 428
61 91
273 358
101 242
111 421
333 379
134 320
44 227
116 188
75 452
93 109
300 303
33 185
8 89
133 189
237 423
33 459
9 410
69 493
225 359
17 447
173 175
29 390
302 347
127 161
59 174
25 261
186 442
30 320
359 405
164 253
134 306
67 265
92 383
78 96
214 238
371 387
335 452
53 401
317 326
209 324
257 310
427 440
396 498
323 446
428 451
396 465
119 445
379 401
243 380
407 416
100 126
158 430
119 201
50 315
30 245
88 302
5 172
105 285
68 364
454 464
15 340
322 340
133 263
72 90
171 175
320 474
38 439
179 236
113 483
221 349
8 225
228 451
109 137
265 406
38 290
173 403
33 302
156 327
19 416
187 290
32 248
103 485
33 131
327 472
134 407
70 100
42 384
130 218
169 367
98 420
25 343
79 275
361 391
19 285
158 174
56 321
212 296
103 386
164 320
79 337
21 22
21 430
80 179
317 380
59 214
248 271
129 247
205 369
43 172
35 103
170 387
75 313
163 254
28 116
162 479
68 457
37 141
239 457
150 242
311 381
52 113
181 472
65 291
17 381
27 153
490 494
431 476
377 434
218 278
282 370
155 191
101 108
247 335
91 196
149 361
23 172
103 477
7 409
272 317
303 444
118 124
15 91
146 421
70 113
93 389
113 258
5 330
250 283
229 471
124 355
14 180
209 313
294 339
134 327
49 500
297 488
347 433
3 31
70 500
28 304
284 376
172 197
105 135
213 410
319 335
29 369
230 333
149 412
172 251
335 468
46 402
125 366
10 389
88 419
285 412
450 452
38 211
106 241
285 480
275 321
197 347
107 478
135 500
386 420
404 481
50 101
222 304
37 420
112 297
6 10
46 168
54 253
4 449
238 465
33 101
138 241
32 405
34 37
158 493
144 246
223 231
11 193
69 335
84 105
320 347
333 464
461 490
338 453
136 492
114 201
61 381
132 292
46 452
39 169
232 434
150 424
197 216
377 438
94 435
457 468
191 207
24 108
98 452
287 327
72 297
164 313
68 311
377 460
206 292
109 348
76 384
29 350
432 448
193 278
13 161
198 202
356 436
167 399
4 127
170 244
7 482
178 455
186 311
103 449
208 439
194 301
285 351
47 308
456 470
47 344
20 135
168 191
402 448
78 148
129 324
233 350
405 461
70 418
302 306
191 293
45 88
390 426
11 438
187 435
2 406
241 308
166 213
85 195
151 210
65 172
142 228
129 151
68 464
216 377
147 260
215 495
37 452
210 395
174 485
45 500
341 425
200 282
366 443
236 329
301 495
77 96
70 426
291 312
129 322
53 234
439 459
146 430
166 299
45 387
257 271
133 162
142 373
22 46
231 262
50 141
129 441
22 390
224 499
151 209
288 361
383 425
206 302
286 349
114 403
18 483
292 420
126 255
55 153
50 84
222 496
251 390
2 149
107 209
245 431
142 354
19 491
167 481
120 161
222 247
219 337
227 463
94 299
296 421
214 460
66 350
42 421
86 252
143 222
39 266
163 305
220 320
229 465
21 221
157 475
67 499
244 361
70 79
229 327
89 167
140 421
311 357
102 286
339 499
149 308
252 419
99 101
417 451
142 233
38 255
111 405
323 480
261 460
27 319
91 469
244 275
29 224
239 300
17 264
212 307
94 479
262 371
35 69
103 243
93 232
399 437
332 489
168 273
289 313
93 346
150 477
177 421
177 389
45 158
203 423
249 333
118 194
125 489
286 415
39 143
68 375
93 485
130 209
238 308
41 187
344 464
258 470
59 341
3 196
149 230
163 218
5 110
273 419
347 491
70 119
48 161
75 369
387 455
151 461
269 389
45 289
279 303
69 258
198 482
36 296
245 451
10 453
286 430
35 54
234 455
87 354
140 432
224 419
82 198
175 466
195 316
222 397
139 252
7 153
153 269
165 364
366 478
46 244
129 434
292 486
167 340
84 229
8 268
39 419
264 444
58 245
153 402
362 454
145 170
436 460
205 391
13 458
134 488
104 331
420 422
49 355
146 474
270 313
89 95
405 471
62 332
345 367
232 346
424 485
184 314
148 353
346 495
6 210
130 233
125 476
146 497
391 497
367 400
136 230
429 471
194 326
298 302
120 325
170 348
133 256
155 170
114 483
12 294
310 320
195 460
74 422
90 479
97 396
81 364
111 113
371 480
254 488
45 163
283 445
47 273
168 439
132 372
39 60
78 313
24 293
410 422
319 320
322 432
156 380
281 393
165 381
74 356
124 179
374 397
287 410
59 321
54 430
39 315
164 435
340 456
253 276
337 496
38 169
156 410
129 245
353 450
411 462
168 239
155 441
57 196
188 220
25 55
142 488
195 490
361 437
271 345
34 377
139 253
110 341
239 262
14 346
147 480
18 493
336 387
191 296
194 322
346 355
362 419
29 80
132 253
139 485
2 432
55 417
267 483
37 366
28 129
105 187
170 311
76 138
122 421
106 356
72 407
92 174
118 311
41 128
362 405
159 452
130 450
296 463
180 230
134 308
387 435
427 455
128 340
2 19
74 219
109 284
310 388
74 312
280 494
82 114
311 499
434 474
306 483
124 175
86 144
338 340
120 415
181 229
36 466
288 479
38 234
321 498
134 248
189 472
353 466
107 493
111 242
129 341
256 480
196 289
166 422
68 101
235 313
414 440
306 433
186 260
116 139
131 347
16 197
68 232
250 312
249 487
123 293
61 128
219 271
406 471
391 450
92 420
52 101
214 418
28 369
57 303
153 427
154 354
29 256
197 362
185 339
253 359
65 132
125 191
33 116
210 269
260 363
330 462
57 164
81 299
244 267
23 256
216 400
327 367
248 411
289 299
103 152
279 417
11 278
302 318
111 417
257 494
18 215
123 179
113 308
43 88
219 289
40 144
164 445
196 467
264 463
59 430
314 491
9 207
138 247
107 112
77 286
100 420
371 498
178 465
96 284
330 340
264 324
23 34
209 400
160 365
297 312
16 439
146 220
218 232
115 159
310 440
91 446
116 422
141 185
33 491
258 500
98 267
234 263
18 214
411 467
198 254
180 312
152 476
61 320
37 371
198 238
272 358
285 421
72 495
110 262
265 309
65 123
239 360
146 307
97 298
52 344
158 425
331 348
159 453
221 470
328 358
215 444
395 438
27 202
362 383
278 358
166 478
70 126
174 418
26 404
344 406
415 479
49 167
276 476
171 308
358 432
108 322
112 231
286 351
278 429
57 175
45 295
128 210
235 402
276 410
119 288
212 365
73 444
333 343
147 441
178 470
112 318
3 78
85 214
200 490
206 412
135 342
147 386
437 473
424 455
147 312
315 482
303 348
60 100
177 423
133 255
186 196
262 476
339 453
47 455
212 238
27 160
63 432
33 178
106 116
1 209
74 452
42 446
179 262
167 267
77 184
177 228
265 346
181 188
7 182
146 204
205 482
150 339
17 266
76 299
317 396
27 405
108 299
248 253
140 467
93 267
140 174
93 117
56 431
68 341
25 413
335 474
163 345
75 302
140 402
251 328
145 373
30 226
342 400
13 68
8 458
392 458
13 115
241 377
400 411
12 53
333 351
32 213
89 105
225 407
327 399
183 268
77 129
227 311
148 232
160 261
181 478
63 455
24 372
355 380
80 394
395 488
125 363
43 69
89 91
5 259
206 447
57 80
204 287
121 266
286 389
297 484
252 276
236 368
174 225
99 213
48 425
184 397
44 242
57 180
254 327
180 186
77 351
245 268
62 155
450 469
333 442
8 466
176 421
175 359
151 407
191 443
214 421
156 469
189 402
423 459
153 270
139 258
407 481
146 175
388 497
237 323
370 480
200 381
265 384
297 371
108 206
84 100
384 461
4 45
145 390
85 176
148 227
231 235
211 344
293 422
180 296
6 35
282 349
302 316
66 187
145 465
362 421
190 324
205 435
182 229
431 449
68 244
138 144
439 455
89 148
205 247
15 61
45 367
141 153
226 298
236 251
281 389
105 417
73 242
127 343
144 497
19 317
189 239
128 474
92 173
122 235
92 143
375 493
304 477
8 437
54 429
271 295
147 241
348 438
2 196
286 309
37 368
255 491
17 223
58 192
173 191
273 335
353 418
18 270
167 440
117 377
343 423
431 454
79 115
253 498
120 259
35 42
253 295
386 464
461 472
374 413
222 363
369 446
67 439
244 424
120 367
21 116
262 416
213 267
323 409
310 464
415 464
62 386
354 412
273 362
31 372
67 443
83 481
127 349
274 333
412 464
179 343
48 383
286 482
334 485
131 193
86 207
307 418
10 180
102 366
30 82
19 432
125 141
211 451
270 418
161 242
81 214
251 354
274 319
284 310
53 240
89 459
2 186
19 386
78 166
368 422
106 198
157 370
18 199
147 340
363 456
237 384
19 212
181 500
107 484
120 292
47 64
74 338
94 113
219 345
142 422
16 19
52 244
260 262
390 480
16 344
278 376
113 156
299 396
159 416
109 472
262 470
25 395
419 452
59 461
308 465
70 266
81 310
281 480
227 470
375 402
150 386
444 453
25 185
102 494
431 483
158 383
286 311
477 481
274 421
279 424
311 448
254 391
150 254
489 491
1 99
318 367
17 125
364 407
246 376
82 465
376 416
103 311
203 213
122 351
411 474
67 236
106 292
301 492
324 366
156 236
384 475
139 261
26 158
77 453
216 440
5 454
288 346
112 143
90 162
105 404
15 449
155 248
174 214
435 495
199 468
324 467
116 304
199 458
132 266
254 373
100 336
175 440
219 399
52 334
220 376
268 458
155 398
68 79
50 277
47 330
215 287
201 481
189 438
124 244
378 457
284 329
25 423
12 228
131 304
155 176
34 235
367 382
253 336
123 232
61 318
80 267
382 475
300 424
6 233
89 378
93 429
183 289
58 175
56 382
83 296
181 198
392 478
165 415
237 454
68 471
138 154
72 364
346 414
66 401
392 439
36 147
117 182
207 442
11 400
99 190
90 306
264 311
50 98
53 182
179 277
293 456
303 492
84 225
86 285
142 194
105 440
28 85
152 458
134 168
132 235
187 286
119 394
201 490
252 496
40 312
176 278
242 265
266 336
39 429
262 280
91 295
167 495
214 500
14 297
248 434
94 197
37 367
32 306
261 415
278 338
129 419
12 49
123 313
71 385
320 429
381 492
33 98
127 214
19 32
120 238
100 164
11 359
286 321
144 414
148 443
112 165
133 370
126 499
17 163
123 190
206 484
51 239
399 455
89 500
355 480
338 374
95 267
2 231
151 439
259 375
73 303
45 53
21 303
12 110
214 375
96 252
69 302
162 279
114 361
7 100
321 456
201 216
68 194
33 332
254 293
171 276
300 361
72 318
116 187
44 56
282 497
135 349
208 475
129 207
277 465
5 271
50 360
180 399
104 128
174 428
114 448
313 474
26 488
407 421
71 378
102 417
18 244
334 370
75 126
84 438
321 414
176 206
1 233
140 396
226 276
84 339
413 457
95 188
345 388
320 455
97 407
81 206
144 419
217 454
149 488
171 379
126 426
80 335
19 322
2 437
9 417
138 263
122 200
297 358
51 94
216 329
152 346
159 223
39 307
25 273
41 208
419 433
245 256
223 333
137 318
284 300
205 254
58 470
478 500
