1 2
1 3
2 4
4 5
5 6
3 7
6 8
6 9
4 10
3 11
2 12
3 13
5 14
13 15
15 16
3 17
12 18
8 19
18 20
13 21
4 22
14 23
2 24
7 25
22 26
1 27
14 28
10 29
21 30
28 31
26 32
4 33
22 34
10 35
8 36
14 37
27 38
25 39
6 40
10 41
33 42
9 43
8 44
4 45
17 46
11 47
21 48
40 49
35 50
3 51
15 52
52 53
21 54
29 55
38 56
24 57
51 58
2 59
49 60
39 61
38 62
8 63
48 64
4 65
48 66
16 67
14 68
3 69
40 70
20 71
45 72
33 73
10 74
9 75
22 76
40 77
66 78
11 79
24 80
14 81
20 82
42 83
31 84
43 85
72 86
59 87
21 88
26 89
28 90
36 91
33 92
16 93
86 94
35 95
22 96
39 97
30 98
21 99
76 100
34 101
86 102
7 103
97 104
74 105
88 106
99 107
79 108
46 109
80 110
62 111
18 112
10 113
93 114
1 115
28 116
90 117
35 118
3 119
108 120
120 121
21 122
78 123
32 124
90 125
47 126
26 127
48 128
46 129
23 130
9 131
21 132
83 133
94 134
114 135
38 136
14 137
89 138
5 139
115 140
9 141
129 142
103 143
25 144
59 145
31 146
63 147
91 148
71 149
122 150
133 151
144 152
131 153
54 154
19 155
126 156
112 157
93 158
141 159
113 160
80 161
87 162
105 163
75 164
104 165
73 166
84 167
38 168
96 169
91 170
142 171
146 172
15 173
26 174
67 175
81 176
93 177
124 178
162 179
51 180
3 181
76 182
176 183
55 184
145 185
126 186
65 187
35 188
151 189
101 190
58 191
11 192
112 193
127 194
108 195
189 196
131 197
50 198
145 199
36 200
64 201
198 202
88 203
203 204
153 205
20 206
83 207
71 208
150 209
204 210
31 211
150 212
23 213
186 214
210 215
41 216
27 217
55 218
74 219
70 220
48 221
137 222
38 223
169 224
12 225
134 226
221 227
149 228
63 229
48 230
131 231
110 232
213 233
71 234
40 235
51 236
206 237
115 238
141 239
50 240
91 241
178 242
8 243
22 244
107 245
173 246
243 247
31 248
45 249
115 250
96 251
48 252
252 253
241 254
152 255
187 256
47 257
95 258
19 259
170 260
134 261
51 262
261 263
19 264
160 265
135 266
190 267
214 268
134 269
122 270
217 271
127 272
123 273
168 274
62 275
43 276
18 277
32 278
264 279
233 280
111 281
59 282
228 283
268 284
51 285
153 286
53 287
79 288
39 289
250 290
7 291
276 292
71 293
282 294
267 295
54 296
80 297
155 298
64 299
191 300
279 301
30 302
115 303
209 304
193 305
68 306
209 307
281 308
130 309
138 310
92 311
151 312
197 313
288 314
262 315
165 316
163 317
81 318
292 319
311 320
145 321
146 322
292 323
289 324
103 325
295 326
143 327
49 328
77 329
315 330
285 331
60 332
77 333
108 334
124 335
233 336
276 337
184 338
8 339
113 340
278 341
310 342
92 343
257 344
135 345
157 346
45 347
149 348
263 349
165 350
18 351
74 352
70 353
118 354
178 355
108 356
132 357
323 358
282 359
3 360
228 361
172 362
338 363
177 364
158 365
260 366
143 367
288 368
253 369
337 370
285 371
63 372
143 373
227 374
136 375
62 376
48 377
296 378
325 379
111 380
372 381
351 382
358 383
133 384
205 385
231 386
269 387
184 388
376 389
218 390
171 391
185 392
279 393
226 394
117 395
332 396
214 397
328 398
130 399
11 400
327 401
59 402
325 403
278 404
368 405
190 406
111 407
98 408
94 409
309 410
170 411
273 412
364 413
98 414
136 415
344 416
77 417
49 418
377 419
193 420
114 421
208 422
105 423
19 424
65 425
331 426
290 427
408 428
230 429
288 430
347 431
398 432
300 433
296 434
295 435
252 436
117 437
149 438
200 439
298 440
365 441
191 442
332 443
260 444
355 445
113 446
356 447
446 448
48 449
6 450
174 451
281 452
91 453
188 454
247 455
122 456
416 457
119 458
311 459
261 460
280 461
159 462
304 463
401 464
402 465
462 466
281 467
254 468
81 469
42 470
135 471
236 472
346 473
24 474
349 475
344 476
57 477
286 478
97 479
330 480
250 481
78 482
61 483
466 484
336 485
322 486
268 487
125 488
174 489
50 490
38 491
79 492
73 493
109 494
438 495
103 496
223 497
195 498
261 499
243 500
303 399
43 377
241 309
96 298
43 118
396 499
144 248
202 488
291 310
243 447
258 284
196 489
317 411
361 461
48 95
133 171
314 354
7 268
78 327
100 167
113 329
236 357
38 388
74 355
254 474
43 469
10 315
360 449
162 364
361 462
304 344
204 445
165 313
390 427
111 133
414 491
174 221
332 347
60 375
202 426
75 126
21 237
290 482
361 379
460 491
276 434
257 325
272 388
33 70
178 196
343 475
284 453
66 230
371 500
411 450
323 488
338 346
255 417
42 445
388 412
104 388
242 346
140 499
219 337
77 431
408 492
429 485
72 118
295 342
46 417
101 196
247 307
327 364
120 354
6 419
96 351
112 134
290 291
36 46
374 461
419 470
130 411
112 368
74 228
349 353
400 488
204 274
367 487
26 236
315 371
219 426
40 52
274 395
56 317
58 73
133 491
42 282
392 429
80 407
85 255
43 392
250 377
163 470
350 392
219 406
249 396
114 310
91 348
234 394
323 368
111 147
224 321
132 405
264 432
108 229
267 405
110 129
36 179
178 218
5 52
102 421
315 453
160 415
68 470
60 111
12 285
120 129
145 251
79 124
84 176
70 248
47 156
254 377
140 226
299 406
110 453
296 476
10 144
471 498
19 186
289 332
39 46
121 224
55 250
148 492
79 430
261 379
9 263
107 233
227 239
56 65
104 413
130 482
432 442
95 384
68 127
50 308
57 466
66 452
43 93
203 214
167 184
384 485
4 473
232 243
220 416
61 233
343 451
116 201
155 399
273 474
292 337
152 359
171 424
3 437
123 381
287 325
194 329
9 468
283 415
151 343
30 138
227 465
423 495
122 430
75 88
48 101
8 370
12 168
38 290
335 357
79 254
261 429
17 335
11 89
220 372
44 139
328 339
123 170
231 491
192 305
157 220
162 262
107 356
53 171
282 468
31 66
234 463
248 489
104 496
155 208
317 459
46 190
7 476
64 366
10 349
24 142
155 168
78 368
38 320
97 131
297 422
152 494
227 362
290 359
52 348
210 272
208 247
43 272
426 448
99 229
67 463
265 384
60 116
298 444
231 459
420 496
267 393
156 437
31 343
309 467
74 232
100 341
349 368
275 331
69 358
21 214
480 500
49 279
43 129
266 401
68 206
101 440
429 492
70 152
273 316
234 307
66 122
147 241
46 407
393 440
186 223
162 444
227 396
330 407
224 234
29 66
195 324
1 159
310 428
139 177
360 417
125 371
282 348
280 425
356 427
75 143
80 322
130 334
418 488
333 406
183 300
271 493
219 459
367 460
8 393
388 427
302 336
176 187
171 344
91 285
198 305
37 400
415 471
326 373
123 252
14 396
180 223
94 135
5 133
114 194
23 483
118 271
215 264
184 358
393 478
321 424
113 303
445 469
73 282
266 500
45 228
313 492
279 428
141 438
325 383
11 453
51 93
220 341
112 459
242 245
136 308
381 467
96 205
235 257
321 482
17 177
31 308
227 482
51 166
280 335
401 424
16 60
98 388
163 172
185 292
178 480
45 293
285 475
34 53
117 425
311 393
128 281
365 373
37 143
294 480
124 126
175 500
133 166
28 298
354 454
346 386
227 423
356 388
35 76
144 284
177 386
118 307
204 241
29 453
13 189
291 465
199 456
337 416
159 202
27 287
142 412
92 266
389 398
229 361
404 414
9 193
111 271
67 301
305 353
189 382
163 334
20 459
233 400
46 367
128 274
39 140
227 364
11 370
301 403
78 494
269 338
377 467
143 168
78 325
129 239
149 335
196 224
188 196
3 254
15 81
317 499
34 239
245 457
106 442
157 273
17 258
244 491
230 239
295 312
134 221
254 463
129 446
324 366
228 371
28 41
210 225
19 24
35 341
250 353
58 439
253 280
126 170
368 381
169 462
95 343
155 440
242 449
28 284
62 270
350 484
39 47
141 280
142 473
189 336
242 263
150 396
52 157
196 272
99 239
159 459
138 156
112 478
336 404
60 380
54 310
234 248
59 103
188 342
6 464
2 247
226 441
115 212
57 427
28 152
169 360
495 499
191 218
63 487
66 169
143 418
308 318
119 387
73 136
148 493
392 430
43 321
207 240
146 315
119 426
151 363
226 324
1 268
209 455
243 325
72 454
197 231
212 317
105 384
340 409
59 160
165 329
88 108
111 181
192 403
195 464
126 449
217 229
292 479
49 452
45 162
126 291
273 362
341 368
72 196
291 418
150 240
60 294
2 207
82 333
248 458
266 479
26 301
219 410
63 176
81 390
302 428
327 387
3 108
64 187
18 62
114 125
152 321
90 488
141 195
256 338
74 329
11 172
181 368
172 375
45 179
130 403
173 253
155 305
92 360
56 300
238 291
95 339
396 412
18 449
84 258
15 128
455 499
378 467
185 208
13 81
139 207
421 482
206 255
82 197
45 376
4 141
170 221
212 416
208 475
47 470
439 494
120 486
311 330
233 328
121 398
153 298
51 305
129 155
162 408
372 455
200 315
298 454
39 56
13 51
279 434
195 318
245 445
22 216
430 495
203 453
214 305
344 452
205 450
74 205
345 434
445 470
94 106
30 306
77 491
251 413
376 492
253 419
325 498
392 478
104 451
26 313
136 235
111 188
179 369
208 317
198 409
347 460
175 213
33 328
267 286
235 398
66 129
43 108
135 261
163 416
369 414
427 440
420 431
111 284
86 247
331 463
37 218
400 462
73 390
52 234
13 500
16 136
379 381
90 355
80 267
360 443
112 365
14 168
96 230
10 245
342 360
43 216
33 273
46 167
121 216
57 315
46 105
137 213
151 255
321 438
87 156
350 409
135 328
39 201
318 469
188 199
19 34
201 336
46 258
164 328
9 95
17 461
26 283
110 307
395 472
314 412
312 359
275 343
216 400
36 198
113 158
289 429
399 450
102 289
174 254
159 199
131 226
344 389
283 284
25 433
288 405
67 331
205 207
238 433
84 481
292 362
221 364
99 441
296 430
389 459
137 351
150 485
88 132
49 229
82 278
18 224
77 130
358 399
136 307
413 416
50 445
332 361
153 209
125 145
15 34
44 283
78 91
287 414
278 477
212 283
26 265
148 333
80 472
272 343
235 262
20 437
226 328
323 329
213 309
104 239
290 355
232 427
51 409
255 287
284 334
349 421
167 244
182 499
22 54
220 423
45 193
391 464
393 404
203 314
301 459
192 401
39 182
153 493
92 298
38 460
169 307
49 135
302 346
19 383
247 262
218 219
2 171
8 230
423 493
220 406
191 368
490 500
156 361
332 473
122 190
192 454
221 237
83 270
37 433
210 338
351 498
333 472
219 326
328 380
215 338
59 80
58 203
18 460
337 383
332 496
74 180
37 234
1 66
331 451
208 366
377 436
80 158
119 452
472 494
37 342
155 362
157 267
55 368
138 279
5 458
327 352
233 256
61 291
249 362
7 108
101 348
416 423
64 124
9 216
50 428
10 281
23 448
342 454
289 372
329 447
7 469
203 383
46 106
429 460
96 232
71 132
235 475
285 312
257 286
110 494
190 312
238 377
166 322
228 463
180 405
409 417
435 453
253 487
91 228
3 336
256 379
86 432
91 321
191 256
190 329
247 436
177 355
99 288
31 158
135 221
126 375
29 168
296 342
25 53
185 356
121 136
246 472
88 267
109 189
201 363
297 418
94 444
94 366
42 403
196 349
334 339
263 387
472 500
233 490
115 302
289 362
2 174
74 420
100 437
232 246
68 88
106 283
274 342
459 467
171 309
152 352
63 349
244 331
240 390
145 356
221 223
360 391
37 457
294 391
86 486
212 437
166 500
106 272
120 473
328 488
12 457
325 329
95 473
178 205
286 374
10 500
192 342
145 482
366 457
268 337
27 328
29 170
10 434
301 423
6 107
99 469
190 416
94 496
240 363
212 491
312 374
274 330
363 479
402 406
413 421
331 444
72 498
53 64
19 370
374 474
288 338
62 458
453 454
45 153
290 448
120 208
20 101
207 366
297 349
269 437
451 489
35 405
221 324
298 417
159 332
63 416
217 276
129 266
15 284
21 433
196 459
301 396
36 120
380 386
249 481
8 396
150 422
181 383
95 338
69 93
176 304
217 395
90 227
233 352
59 276
179 267
16 191
235 349
147 311
321 356
227 428
81 198
342 400
96 241
123 448
147 394
12 67
238 367
285 379
163 174
2 112
103 417
104 408
78 355
143 384
478 497
194 451
29 467
314 441
387 430
71 493
208 497
106 208
182 348
6 391
209 400
238 371
150 254
132 403
27 66
138 414
116 325
348 398
194 312
89 298
3 471
236 345
49 460
339 373
98 487
47 342
419 496
194 358
183 341
160 322
77 437
176 433
288 388
248 459
200 300
73 150
328 458
168 328
106 306
325 380
240 413
249 449
114 359
145 271
94 488
32 428
68 304
123 240
452 482
105 309
17 224
257 356
165 190
135 140
43 181
112 274
155 312
313 467
247 481
108 208
379 490
42 490
181 413
340 382
73 452
33 64
180 449
175 290
166 443
461 471
282 338
22 264
61 325
195 329
358 446
126 312
4 232
31 117
157 473
236 251
187 244
15 334
160 253
106 248
439 495
154 204
137 358
46 58
293 462
84 327
31 123
232 360
155 235
66 275
118 419
114 318
317 435
104 186
200 478
206 448
392 474
298 329
213 339
156 359
73 117
350 434
142 479
347 411
3 94
264 385
2 499
44 314
108 246
229 270
55 407
40 185
423 492
39 447
300 407
112 206
235 361
18 250
88 268
80 454
17 168
37 101
176 186
12 26
380 479
314 365
116 216
203 449
267 387
223 460
455 488
62 476
117 343
41 259
41 45
189 381
387 434
216 308
164 218
203 336
150 387
166 285
250 407
133 363
163 388
262 444
352 401
172 272
330 462
253 328
245 294
41 492
136 360
152 484
149 155
110 283
288 308
269 452
39 489
399 471
111 399
88 413
82 480
114 412
5 21
256 371
102 347
44 299
110 486
323 380
281 412
63 219
198 465
37 270
387 487
14 382
314 476
88 154
15 87
100 244
181 381
356 483
45 358
124 137
256 264
64 174
55 416
199 309
270 321
115 263
66 327
78 387
428 431
24 321
153 228
185 265
225 248
284 363
83 472
10 366
403 469
200 487
184 345
178 414
91 160
306 470
127 293
182 394
289 294
288 378
283 478
309 498
154 401
136 372
280 463
316 449
228 475
336 346
341 382
127 249
319 453
7 167
465 486
279 460
130 147
40 323
148 380
152 482
45 370
58 327
29 391
93 224
86 419
18 408
98 235
136 428
95 300
247 255
157 355
178 290
174 240
23 92
193 474
239 303
417 445
146 316
110 402
223 434
163 482
381 497
289 341
60 149
198 277
227 388
101 148
72 228
250 397
215 277
158 498
142 313
77 183
133 488
202 427
237 406
132 296
313 345
194 383
394 431
71 272
104 235
236 330
14 123
285 414
113 496
94 127
213 401
251 284
245 354
46 401
126 131
155 159
205 327
28 255
141 183
15 240
251 426
21 227
263 392
234 331
228 498
20 385
202 398
57 214
324 481
275 476
345 411
147 232
353 477
444 499
154 495
36 220
202 299
398 477
385 434
203 237
19 500
150 196
92 357
74 463
249 462
447 476
22 424
202 213
274 459
296 305
83 341
270 382
55 490
128 277
30 258
345 467
13 232
154 387
249 371
182 219
58 115
415 488
424 470
63 455
24 155
76 480
357 466
21 246
15 481
42 327
84 392
15 419
203 331
64 68
363 399
276 460
260 326
4 333
56 278
182 289
16 59
39 75
52 122
155 489
135 279
128 309
275 314
254 270
67 347
173 216
49 287
265 480
363 403
236 379
115 288
40 308
17 109
4 143
28 156
119 144
144 300
227 467
143 341
127 485
162 223
190 483
100 488
28 330
124 191
4 359
9 77
213 215
131 400
125 128
270 354
54 411
87 116
403 435
397 438
82 131
9 76
364 463
145 493
157 412
17 347
41 326
258 427
54 74
315 359
15 117
213 400
103 232
23 347
84 174
21 281
86 490
277 337
393 455
78 411
34 359
35 309
23 425
226 330
65 234
310 477
106 374
130 421
30 74
130 268
77 194
119 367
109 261
3 120
321 389
83 171
267 462
8 454
133 461
207 346
422 489
157 450
306 375
78 106
270 333
143 431
75 352
20 162
61 443
206 349
105 119
234 398
11 351
177 426
224 485
407 492
314 358
11 129
141 413
57 269
142 253
137 464
239 354
309 344
254 298
32 374
410 427
206 442
80 150
36 109
14 417
135 242
388 456
57 420
71 424
157 232
90 244
266 299
279 463
190 455
166 222
297 448
42 318
63 476
90 462
35 158
27 366
102 494
162 198
49 282
19 70
330 493
124 395
128 456
128 326
319 370
414 465
245 318
249 309
257 479
11 247
65 377
107 357
424 455
107 311
134 322
116 469
274 406
364 467
206 391
97 333
203 266
17 270
276 356
251 414
2 92
68 489
55 75
433 450
357 442
229 442
232 353
93 184
133 385
332 365
320 432
216 329
157 483
231 379
62 486
15 397
31 438
30 52
169 242
376 493
43 344
212 227
81 97
148 423
413 500
390 418
145 479
314 435
44 252
71 249
43 204
64 125
8 423
170 182
294 421
163 198
282 441
37 308
238 450
84 139
5 389
200 455
286 371
30 224
268 405
186 281
136 274
9 477
133 422
92 474
144 166
21 454
188 214
189 236
39 473
191 338
26 320
18 344
178 350
17 491
118 260
356 372
55 474
38 40
122 412
308 392
419 424
114 360
225 398
330 354
282 339
45 422
223 295
190 469
149 195
257 301
22 389
49 211
17 430
7 398
462 493
362 414
123 479
240 337
22 136
32 108
129 251
206 384
4 343
19 405
115 131
103 298
141 307
235 464
80 272
283 444
294 467
79 101
4 405
26 326
283 424
22 378
123 472
480 487
52 220
217 234
80 392
32 285
271 430
231 265
272 361
191 384
314 433
227 229
72 428
133 200
228 425
52 148
134 155
428 470
34 342
37 181
140 224
168 280
474 484
239 284
295 411
334 355
290 352
189 352
16 428
342 412
97 157
12 441
70 443
412 415
148 256
8 383
216 349
360 440
59 499
101 126
312 421
271 343
132 178
11 358
18 233
27 176
218 312
434 479
89 418
15 412
62 316
407 451
480 492
232 349
249 318
420 460
419 423
426 492
76 404
173 458
37 38
136 317
112 407
247 350
165 208
442 489
6 439
364 377
198 315
145 219
37 63
153 168
332 436
116 203
283 453
60 63
105 221
189 354
23 423
260 388
137 483
376 433
477 482
184 447
349 476
328 413
88 199
320 333
2 10
138 232
302 412
166 170
332 382
135 399
227 400
115 492
129 329
9 430
268 353
187 205
456 473
404 436
73 378
70 449
190 276
280 499
388 482
21 338
30 181
70 176
97 277
7 112
206 465
304 462
205 499
84 190
29 369
257 463
103 353
37 176
144 377
284 351
135 436
226 459
189 491
35 412
57 351
141 444
99 230
159 225
174 302
190 270
226 500
203 302
17 482
80 249
244 420
128 431
25 310
87 429
360 419
423 460
124 364
219 223
235 467
18 222
27 86
51 477
117 484
355 442
240 278
275 437
155 430
28 81
73 444
11 284
93 260
252 489
240 297
91 293
313 344
421 458
249 492
158 409
323 382
294 403
55 235
173 387
72 262
83 349
46 233
54 251
289 430
379 451
278 362
127 419
220 314
16 106
25 207
268 303
244 374
84 196
62 408
146 446
356 452
41 427
52 214
150 187
31 114
276 343
39 361
154 282
39 222
439 461
101 156
27 463
141 179
37 497
380 438
210 372
159 428
245 313
282 397
6 52
146 377
148 319
13 352
77 321
72 492
18 232
31 97
216 462
53 476
128 223
26 416
12 230
15 162
15 345
36 319
280 315
258 285
186 253
181 324
57 451
444 467
73 375
164 439
124 209
133 304
287 300
143 301
125 308
7 73
151 390
52 217
100 374
52 189
42 323
118 121
263 465
217 263
12 27
167 329
75 191
210 328
4 436
187 354
239 495
145 471
126 389
77 294
25 487
325 382
47 436
30 455
304 335
213 227
305 336
78 227
14 300
110 271
318 362
70 215
109 117
64 195
302 426
18 55
246 410
4 426
351 380
10 154
100 153
56 362
172 239
111 140
62 320
338 397
94 220
132 267
41 493
179 388
137 226
252 479
218 497
37 254
17 342
142 387
61 225
23 273
173 339
439 450
79 106
415 466
1 10
345 474
45 227
162 240
67 218
11 345
113 453
121 242
205 311
322 433
239 314
293 444
139 475
336 443
451 485
369 397
79 384
309 388
131 152
371 418
366 434
112 171
296 480
31 75
177 483
264 274
435 437
62 373
94 101
64 435
131 314
31 192
303 385
462 478
14 155
218 220
15 59
185 477
180 190
327 448
118 476
318 455
135 176
71 480
208 308
51 429
129 135
131 168
176 404
102 302
163 385
155 306
190 311
320 438
342 382
137 186
24 51
30 464
208 494
347 390
368 380
349 437
160 345
84 163
11 449
45 141
369 460
284 310
15 357
283 385
15 300
109 334
342 410
111 356
19 392
10 371
65 119
341 454
105 439
186 469
110 447
23 334
315 398
161 395
92 455
414 441
329 401
319 422
215 327
127 199
135 343
71 207
315 318
85 433
188 251
302 419
6 434
175 386
105 458
132 294
194 401
1 306
153 324
323 346
163 373
146 188
193 489
53 466
391 395
272 472
288 411
35 293
61 284
326 469
218 479
118 391
39 141
327 477
325 371
419 483
100 199
205 342
34 395
133 367
13 80
129 338
258 356
130 221
253 439
23 116
84 223
183 371
55 306
424 451
7 310
48 324
266 403
59 335
204 470
176 192
21 69
84 292
311 445
16 461
207 418
128 260
82 176
210 283
106 440
112 291
315 425
197 412
265 335
378 380
176 309
18 107
45 332
57 114
354 362
125 163
241 346
175 473
18 73
55 112
165 395
18 231
93 293
147 368
428 492
158 195
136 141
244 392
94 109
28 263
369 394
6 324
173 261
36 280
70 485
301 422
163 426
44 179
227 442
121 397
38 85
59 432
138 304
121 426
110 167
47 241
28 97
144 213
149 194
317 363
398 456
38 492
33 431
72 309
265 364
158 361
228 341
85 380
340 458
307 440
48 446
120 351
89 496
386 421
234 363
157 276
136 438
36 135
306 418
83 106
104 109
224 310
400 466
73 365
9 40
320 342
361 439
125 299
68 350
208 411
197 334
116 225
130 451
215 321
76 192
178 211
25 304
17 49
97 271
15 490
1 450
231 480
175 265
123 172
184 424
352 395
70 223
167 218
65 208
273 317
15 299
215 472
218 247
3 434
103 106
57 304
38 269
194 347
147 249
8 341
170 323
229 328
142 444
46 424
24 50
106 388
123 227
399 491
251 494
121 321
401 418
122 214
122 298
41 108
27 456
77 138
356 373
176 430
120 217
14 101
116 427
165 178
113 397
96 345
109 436
128 372
99 374
298 422
265 380
49 145
246 449
116 349
78 338
249 430
50 376
342 386
222 302
422 444
137 203
88 367
363 450
119 288
224 411
52 188
117 336
339 370
335 474
492 493
168 315
113 229
26 467
18 498
289 476
92 158
268 494
131 343
89 431
75 224
164 226
76 290
43 191
284 368
173 423
139 196
262 418
34 282
80 258
200 488
38 231
78 292
250 311
107 495
222 362
394 439
42 392
116 378
63 295
99 299
160 222
452 483
88 155
29 410
48 141
121 213
288 295
220 243
365 437
295 336
175 276
93 337
176 317
124 282
389 415
84 158
210 402
38 452
98 387
86 180
31 367
194 328
37 81
80 230
207 445
411 415
173 481
156 438
119 243
379 480
207 375
186 328
215 285
191 485
440 493
98 278
52 243
86 323
147 358
169 414
60 147
333 425
54 488
63 103
78 215
15 384
25 424
154 490
204 292
98 130
95 355
341 499
57 234
232 271
82 130
313 491
258 321
71 289
122 451
117 294
280 354
13 342
156 477
25 59
409 428
265 344
11 174
76 395
70 328
216 307
4 203
399 428
71 174
194 483
247 294
33 393
118 250
185 190
112 211
459 491
132 291
69 427
145 350
52 211
227 496
36 326
163 323
346 417
136 337
288 476
379 426
11 42
9 32
133 332
298 464
77 174
291 460
432 475
354 470
263 386
135 427
161 475
14 298
421 491
99 385
173 348
12 245
208 327
157 348
35 295
340 394
157 183
266 447
72 393
113 342
247 272
25 71
203 356
131 357
81 321
91 496
79 190
206 481
154 389
54 470
99 320
11 176
131 388
100 500
395 467
33 342
226 242
222 316
180 283
180 394
96 108
112 214
67 210
56 91
12 170
310 336
14 230
175 223
279 490
156 299
237 400
280 388
176 414
240 267
251 423
192 260
5 240
15 249
104 354
202 350
94 450
48 249
20 190
17 351
44 162
335 401
198 289
7 156
21 374
171 455
55 217
151 299
477 485
221 228
254 308
207 454
32 357
48 204
391 431
164 266
323 349
80 233
305 454
9 417
72 279
444 456
84 271
244 415
112 498
107 227
236 310
115 139
151 198
110 462
296 500
59 121
328 337
201 251
55 406
280 477
353 448
394 400
257 428
37 473
371 470
304 413
278 288
142 298
63 357
75 90
158 430
183 370
1 421
117 452
274 424
32 306
381 401
41 215
142 220
426 470
80 270
12 332
84 452
33 84
189 454
192 483
83 366
101 496
196 380
1 453
114 220
248 363
72 217
91 243
122 315
120 210
31 47
170 407
189 195
239 349
107 159
274 288
141 351
394 425
135 370
98 480
134 257
68 250
98 407
298 466
90 226
37 459
130 319
200 207
175 195
224 295
196 471
12 119
280 381
59 317
1 111
284 420
342 393
235 305
57 178
242 273
231 289
169 471
20 287
296 467
262 351
182 203
8 480
370 487
143 489
310 315
366 483
165 166
443 481
47 413
29 408
221 475
266 456
51 289
134 397
147 500
87 241
24 136
33 304
162 384
105 167
199 345
10 20
289 394
46 148
77 500
56 425
69 381
99 394
50 491
71 427
208 465
339 494
239 249
134 273
244 294
74 477
141 228
8 309
127 308
256 428
128 138
17 322
50 389
4 448
266 462
49 272
114 475
25 437
87 97
239 252
125 165
157 212
306 497
371 414
288 371
180 493
213 462
111 279
250 365
319 368
25 285
481 493
171 332
122 221
32 109
178 268
5 159
355 495
118 361
441 490
22 221
38 339
305 433
43 166
96 187
68 186
333 463
281 306
92 386
260 338
457 465
194 398
134 459
456 466
72 489
21 472
276 425
265 412
55 136
39 278
1 132
98 308
291 382
48 104
335 400
49 390
141 271
417 491
112 235
134 165
169 349
70 177
251 303
97 374
174 243
171 393
77 414
76 240
171 369
51 309
78 281
52 433
117 414
113 380
8 250
170 239
20 398
271 327
118 164
450 494
261 314
56 122
112 255
32 196
353 439
228 269
100 344
39 464
25 46
237 463
80 464
202 219
133 282
78 143
4 362
199 438
27 118
193 263
314 494
389 443
95 333
48 311
75 355
189 497
123 236
313 451
95 255
279 372
27 280
129 404
134 465
102 324
407 494
18 83
216 465
204 300
189 212
119 150
264 444
67 100
116 244
152 263
303 324
61 250
53 162
34 411
159 368
122 274
144 161
120 165
278 498
164 371
76 160
37 430
297 465
211 281
110 276
87 332
193 266
193 204
15 31
244 379
355 433
21 174
338 412
46 225
117 474
402 453
183 260
393 481
74 369
302 308
94 199
14 195
213 314
235 460
87 405
44 374
93 358
110 192
288 412
355 498
23 35
384 394
326 476
85 300
31 220
226 443
136 258
2 406
374 420
32 60
70 324
156 240
110 443
234 412
427 446
25 314
140 270
2 231
31 358
322 454
7 390
184 496
348 426
125 189
123 450
13 462
4 94
394 432
2 434
1 14
219 333
227 329
1 299
103 121
242 490
50 369
211 358
207 389
421 478
207 349
102 370
27 290
222 343
230 281
146 336
185 291
95 100
43 357
254 369
255 271
24 446
249 290
29 45
175 308
155 357
424 483
63 450
66 481
35 37
180 330
132 234
6 364
54 66
363 382
175 299
148 427
26 156
216 274
129 259
39 293
220 393
300 439
120 155
171 348
300 398
309 447
286 446
168 406
293 376
44 118
46 110
228 499
167 188
182 486
239 458
129 282
135 369
5 98
333 377
353 474
416 484
334 354
152 411
145 179
219 430
259 350
215 413
173 272
317 491
333 343
184 313
45 237
46 127
214 352
237 429
343 443
35 491
67 408
342 364
30 453
152 367
306 344
136 164
323 405
325 399
126 327
4 78
100 355
171 265
13 64
198 413
97 171
44 171
130 220
183 285
95 206
52 90
371 466
320 357
107 500
368 392
147 170
220 421
151 240
199 422
241 485
109 340
222 385
49 471
18 254
165 198
17 201
129 158
168 490
405 473
75 118
360 399
109 392
81 184
14 486
161 342
449 472
202 313
185 281
226 467
236 418
96 326
349 395
17 361
113 458
36 383
57 61
128 241
66 376
240 359
175 351
128 246
226 490
159 385
24 421
83 184
95 281
370 497
9 490
11 80
328 389
230 268
348 407
242 442
253 337
252 406
27 271
257 292
289 370
47 169
174 498
270 486
27 52
108 198
34 62
126 390
331 341
275 388
315 389
38 248
209 282
136 210
388 486
72 202
459 474
34 461
152 425
342 417
321 423
288 490
116 250
168 484
425 488
96 471
25 353
14 457
13 426
91 337
63 488
408 483
45 339
367 403
178 493
211 260
24 292
193 216
172 442
74 346
129 420
42 419
351 446
63 304
109 487
209 243
195 234
259 366
352 499
196 281
66 440
398 478
106 375
163 300
75 151
72 90
25 255
362 402
6 314
33 249
274 315
67 473
69 349
24 247
317 359
80 168
244 396
74 487
27 170
156 367
118 448
242 460
223 257
90 236
106 482
159 420
456 480
93 307
77 450
264 429
153 158
398 440
374 384
239 465
132 163
76 314
331 409
415 498
31 32
217 406
43 45
46 471
167 191
181 387
97 410
244 397
14 360
183 329
136 233
33 36
212 223
100 222
102 413
6 103
202 260
171 434
225 455
441 453
97 129
297 447
194 275
218 455
306 388
234 496
361 390
111 201
303 317
138 404
24 106
268 368
377 425
60 459
102 429
204 364
92 424
78 479
143 350
111 248
386 444
190 450
356 481
149 374
54 197
164 409
270 377
7 52
136 329
380 475
102 184
104 302
124 434
136 257
281 456
376 402
154 266
63 102
138 483
47 128
298 409
349 429
287 495
385 471
86 320
344 425
31 88
250 286
210 488
144 371
270 496
75 330
113 311
11 164
354 467
33 365
67 386
171 259
332 441
359 408
33 307
63 238
29 134
190 235
32 98
38 182
264 314
160 238
399 425
162 299
24 295
18 306
108 153
242 405
207 428
94 213
133 202
75 378
46 447
351 441
86 270
93 406
174 449
299 451
92 215
88 293
28 71
84 331
102 446
301 413
397 458
338 427
25 265
130 346
372 447
159 431
253 388
23 430
239 339
112 464
132 292
262 366
37 489
180 366
483 497
251 498
400 454
23 149
41 174
44 127
187 440
49 104
69 328
4 39
66 406
11 48
156 307
339 446
166 499
57 235
306 385
175 183
143 232
18 93
175 372
482 492
70 309
30 245
128 239
270 373
204 266
240 402
111 288
206 361
187 477
91 281
21 93
104 424
210 397
473 477
331 483
163 350
30 79
70 253
15 355
33 492
166 373
174 466
235 387
147 475
280 454
139 375
264 495
150 376
411 481
42 314
69 418
202 304
133 138
119 221
199 352
12 137
102 257
396 500
295 308
100 334
11 382
81 371
25 232
60 239
96 418
418 456
258 409
184 456
308 494
16 454
82 496
41 478
106 335
113 150
188 397
108 461
262 379
49 140
91 192
235 321
99 419
302 458
42 434
121 306
1 206
358 435
274 352
250 466
26 495
122 426
14 210
242 349
166 325
397 472
137 357
211 299
240 394
180 349
180 362
326 362
181 468
55 193
112 336
290 422
429 430
104 418
272 488
220 344
286 311
278 455
203 271
89 321
15 463
79 449
488 499
282 496
36 474
210 268
314 474
46 162
130 224
143 191
150 449
112 296
5 392
243 292
141 288
140 387
79 312
9 443
382 444
237 434
385 422
241 484
208 468
411 430
377 482
71 439
342 499
1 351
446 460
411 496
14 250
123 396
106 393
47 363
349 399
299 396
91 249
206 291
46 88
145 259
4 251
61 381
279 312
114 439
25 74
256 358
142 486
31 458
82 364
191 326
358 401
74 360
414 485
231 393
118 356
152 297
50 349
144 459
17 23
250 254
255 357
177 329
167 352
383 445
448 458
62 366
450 467
231 336
330 398
166 466
280 320
88 306
325 475
77 279
296 447
314 462
198 245
331 370
49 442
133 268
216 255
272 316
84 149
116 437
192 321
66 233
138 426
59 115
59 116
184 472
215 371
207 464
117 321
218 316
211 356
245 383
111 247
301 354
233 421
176 384
142 358
121 140
146 372
315 376
141 393
21 368
118 189
156 419
2 80
25 111
126 456
150 424
292 473
326 403
117 463
16 306
103 492
19 234
102 374
232 383
104 157
133 204
131 497
5 396
3 384
119 239
280 358
99 399
359 455
134 491
279 348
381 459
230 486
253 452
15 474
214 489
204 224
13 269
259 289
141 431
22 422
55 153
121 365
20 69
127 161
133 466
197 251
71 110
57 211
98 103
202 333
49 314
110 398
143 250
61 120
235 417
290 380
145 206
71 166
80 323
137 374
119 433
463 492
275 361
275 347
90 403
407 490
5 407
158 206
13 218
419 433
318 421
427 444
363 380
265 267
162 300
172 250
104 135
184 379
197 424
59 362
357 359
261 370
335 455
208 417
177 497
335 417
231 334
172 309
43 80
250 465
204 291
44 274
411 441
30 190
245 430
224 284
134 316
62 190
148 330
346 489
272 463
4 418
185 328
250 414
24 481
132 297
218 433
22 31
129 249
320 445
185 350
7 93
39 298
251 405
81 351
368 460
88 414
3 142
324 489
76 107
74 249
346 499
66 458
121 415
186 448
62 255
8 270
78 96
300 482
428 439
108 339
138 461
219 340
85 88
408 435
74 99
323 460
166 252
144 411
177 225
192 310
303 447
18 87
146 185
32 490
163 210
169 236
142 404
253 349
23 469
222 353
191 318
188 232
240 285
256 489
155 225
329 456
67 290
43 114
174 371
425 464
69 128
296 494
153 495
158 175
115 123
410 485
188 437
194 315
89 180
217 454
54 428
58 218
48 146
374 497
158 226
285 490
117 118
63 433
149 466
17 442
48 454
230 468
45 90
23 60
136 478
92 164
352 373
338 357
138 491
19 487
161 424
143 439
396 470
21 495
100 335
144 264
16 412
21 210
284 348
82 315
207 462
102 125
152 442
141 214
82 174
222 284
272 487
177 399
483 490
217 262
374 394
203 340
55 220
117 165
5 40
71 255
57 349
235 453
407 493
225 457
169 302
191 378
66 245
221 260
98 188
345 446
167 251
95 142
307 474
242 448
117 239
135 432
424 431
102 340
20 171
106 344
182 402
160 226
41 310
435 450
6 117
94 406
172 415
163 490
263 442
115 314
186 419
7 126
5 415
197 204
76 263
194 433
51 240
318 487
245 421
296 489
180 200
224 315
379 450
195 420
138 288
25 156
25 275
43 486
21 304
136 242
124 444
201 349
298 442
321 385
257 448
136 214
55 200
268 490
88 281
302 446
223 319
141 443
268 407
85 254
8 118
117 435
253 352
99 482
269 293
106 484
16 252
428 454
60 99
149 419
70 294
109 341
153 185
217 340
313 422
27 299
293 401
262 371
25 405
254 285
236 470
122 170
225 253
265 476
145 212
354 473
14 225
229 347
23 279
125 379
62 433
401 491
295 338
155 260
116 322
411 442
184 386
2 35
39 423
4 30
9 145
381 458
410 412
319 434
201 484
7 465
168 199
261 321
19 310
140 251
36 261
333 483
131 423
179 196
144 145
223 445
199 464
361 426
51 393
249 451
170 178
275 454
40 395
88 220
363 455
119 359
18 433
1 113
309 362
170 455
186 316
120 381
75 318
69 214
143 164
54 267
74 262
97 281
148 266
107 320
57 435
285 319
183 235
149 465
311 448
82 324
365 416
136 185
228 405
13 161
197 292
57 106
42 444
74 428
351 409
219 367
185 327
48 486
381 446
97 312
179 317
93 377
16 416
254 410
179 327
176 427
172 448
184 228
166 410
248 477
266 322
97 134
156 314
126 228
81 463
147 499
192 244
217 279
334 431
7 61
313 463
324 428
89 491
139 229
110 371
479 495
151 155
7 234
88 373
116 357
256 483
449 453
112 128
21 284
3 26
388 475
107 171
217 424
205 340
62 237
272 369
32 70
172 400
222 280
9 334
130 430
206 407
377 458
182 280
25 488
278 496
25 151
44 288
249 380
32 121
237 363
275 465
235 483
121 179
36 364
84 132
5 179
265 415
93 176
264 355
141 300
200 472
178 296
65 203
78 376
434 459
297 383
251 415
176 297
233 297
54 400
293 310
323 414
135 235
427 496
221 302
34 484
30 362
140 163
173 432
404 406
76 442
22 129
3 36
112 371
68 356
67 367
52 279
88 399
165 495
187 304
432 492
263 305
41 384
314 478
26 334
105 310
378 457
312 450
67 184
125 295
149 382
161 451
123 384
116 226
137 264
339 388
16 203
256 395
71 217
58 126
185 255
155 404
90 146
207 279
336 428
88 276
16 219
126 267
4 400
26 394
348 354
165 340
180 443
199 295
65 288
13 165
292 496
40 311
13 407
85 184
158 439
445 460
8 410
135 275
100 492
219 295
19 173
441 486
354 493
44 371
219 268
202 454
328 367
105 475
197 287
185 414
146 309
237 464
365 374
141 415
285 488
31 213
135 307
156 301
99 323
131 376
47 142
426 458
452 489
395 396
129 466
139 280
334 348
7 179
100 402
126 147
221 407
69 455
62 260
313 350
8 216
46 242
81 497
232 256
4 191
413 439
197 348
57 277
176 351
102 319
85 387
175 189
43 367
133 478
17 141
206 468
52 242
98 386
277 432
130 383
171 217
247 323
386 498
19 118
213 232
337 459
262 408
224 374
76 451
281 455
121 329
304 496
136 420
138 149
144 400
172 297
132 440
275 294
105 490
44 64
403 456
58 374
196 478
213 393
28 73
262 427
93 353
108 286
95 265
23 243
132 447
30 316
118 343
29 444
285 309
3 53
202 275
145 208
38 257
60 274
131 433
338 496
83 153
178 400
16 288
214 330
276 426
245 416
264 491
110 484
35 480
137 196
26 485
89 388
35 288
165 253
11 116
206 244
207 417
286 391
37 335
79 173
301 332
366 390
53 59
58 317
21 365
64 317
327 377
61 405
265 405
22 271
43 127
111 420
76 97
157 296
67 238
48 351
18 414
134 350
7 460
405 455
178 325
74 220
317 355
360 438
290 453
2 83
169 333
350 439
120 185
421 437
83 460
295 483
142 271
53 133
403 473
345 418
30 489
11 343
304 438
94 400
88 197
251 481
192 484
149 378
66 93
119 295
80 427
185 275
88 465
200 397
228 353
123 427
188 280
250 451
15 489
459 500
17 450
4 212
22 71
271 346
296 409
244 434
158 375
107 312
178 311
215 416
203 487
256 446
101 199
292 458
225 496
367 455
220 500
25 295
337 467
228 328
201 421
105 398
207 395
92 141
187 231
9 440
101 139
227 459
402 460
133 299
73 292
22 447
274 414
168 496
4 445
6 412
33 214
78 480
404 499
326 395
425 483
295 396
344 450
117 277
277 396
69 431
93 244
279 453
356 403
84 250
21 275
2 381
364 482
133 314
100 286
265 368
94 431
218 448
20 149
401 460
216 382
89 377
15 252
184 303
24 132
52 221
421 452
223 325
163 234
97 371
40 85
391 421
19 335
319 436
150 194
419 429
50 330
256 427
154 392
239 373
278 480
203 270
227 363
323 472
366 436
30 472
309 426
207 472
161 167
127 459
71 164
43 236
170 356
140 457
157 297
136 151
410 434
261 445
255 402
60 65
89 266
252 426
225 289
188 419
113 319
134 197
329 484
195 409
72 257
446 482
11 466
325 482
178 433
2 364
284 353
292 384
203 322
154 435
114 133
273 427
181 488
276 372
109 132
93 266
358 371
53 142
254 413
327 496
303 488
26 126
11 107
375 482
125 484
162 404
74 206
75 394
52 215
1 89
154 259
136 172
413 428
168 492
238 361
169 277
180 238
33 345
154 216
20 451
25 352
398 498
35 473
279 404
28 273
470 476
377 451
173 447
328 435
292 429
132 434
81 282
328 384
43 340
350 387
191 253
164 488
109 479
374 467
445 483
43 170
51 472
237 478
382 455
76 485
219 384
71 158
196 397
18 188
161 236
32 77
38 193
287 430
54 363
138 212
70 483
288 393
144 267
157 334
60 433
301 364
106 438
130 492
99 450
71 399
294 412
108 441
465 466
75 400
164 388
49 387
401 427
58 435
24 475
340 361
241 365
338 460
113 360
47 403
312 444
86 210
322 375
174 197
120 183
34 202
252 332
328 332
101 413
97 187
74 121
230 332
153 187
171 355
25 318
137 288
385 432
202 380
243 487
417 489
157 301
64 116
115 306
166 298
62 189
181 276
34 238
167 433
371 446
130 355
9 476
49 465
29 484
130 143
132 421
316 437
1 467
9 448
165 372
339 394
122 151
229 339
13 62
315 420
36 193
98 423
103 415
365 383
24 452
131 244
56 89
389 462
365 380
71 478
177 314
4 195
305 308
152 244
233 470
247 275
105 361
27 161
312 427
352 483
79 368
60 406
100 434
62 359
74 272
41 354
49 430
165 461
244 335
40 179
384 427
233 332
226 279
289 367
190 344
159 498
212 493
133 274
130 424
36 451
238 429
306 484
101 437
294 314
196 264
401 500
361 441
163 405
205 374
92 170
354 413
133 403
3 123
4 34
75 341
249 387
312 417
51 329
89 164
237 405
45 204
59 369
384 401
434 448
139 368
376 445
98 191
70 477
150 229
168 232
34 37
226 359
200 320
317 470
159 392
102 492
58 441
422 484
224 407
85 181
272 322
136 419
101 121
195 353
79 494
90 307
218 419
16 190
35 80
9 152
178 443
10 145
115 292
240 429
86 265
397 447
41 397
206 301
263 313
93 296
192 261
409 488
53 57
145 276
192 497
72 397
97 158
135 218
116 362
6 41
164 425
5 279
151 469
177 415
113 353
359 494
91 206
39 414
131 409
357 384
27 264
181 319
176 408
17 292
105 268
157 300
41 150
35 374
191 222
81 309
6 173
441 493
110 377
81 247
256 356
81 139
37 245
60 195
189 484
236 474
459 470
138 493
119 406
48 262
93 265
16 447
75 220
156 270
40 249
3 403
308 354
243 438
133 484
24 455
114 164
318 411
285 308
106 244
121 240
9 323
196 333
133 209
163 325
190 437
429 433
54 83
135 241
97 138
365 402
167 271
338 461
174 281
458 460
22 266
226 377
253 267
238 388
319 385
108 167
396 403
178 275
250 431
296 368
335 370
164 325
81 330
17 309
106 128
263 420
177 385
143 491
76 189
436 488
207 404
125 153
93 219
282 478
371 491
112 138
18 263
102 228
39 305
181 299
93 115
128 228
18 99
62 101
231 341
464 482
2 76
81 85
157 407
455 471
42 216
123 251
185 211
296 463
331 488
43 248
85 266
365 481
76 481
189 400
219 304
5 101
83 260
58 382
239 240
23 81
44 350
66 363
115 215
117 187
161 428
84 185
28 500
236 250
151 242
100 284
3 93
105 343
52 434
182 424
53 268
38 227
74 499
201 367
61 495
136 380
84 460
347 429
253 302
230 397
58 102
325 444
114 199
21 78
396 427
157 271
117 232
140 490
395 426
399 470
231 250
404 421
186 386
138 186
69 124
436 483
168 366
86 476
10 98
362 396
173 333
402 479
35 270
85 151
37 414
247 254
342 356
11 33
14 126
152 217
222 303
10 319
141 155
93 241
45 385
26 431
79 96
81 208
379 447
104 466
349 424
113 483
48 137
331 439
30 280
27 311
134 447
14 72
214 442
51 302
41 394
436 498
129 395
242 269
99 155
232 413
285 459
142 489
225 461
365 375
143 415
125 364
154 449
