1 2
2 3
2 4
4 5
3 6
6 7
2 8
7 9
1 10
5 11
3 12
12 13
10 14
2 15
10 16
10 17
4 18
2 19
6 20
12 21
12 22
21 23
18 24
20 25
8 26
17 27
15 28
4 29
12 30
27 31
6 32
12 33
11 34
29 35
4 36
18 37
7 38
1 39
10 40
2 41
5 42
27 43
3 44
2 45
35 46
42 47
37 48
44 49
46 50
28 51
9 52
13 53
34 54
43 55
43 56
12 57
15 58
57 59
5 60
8 61
19 62
34 63
50 64
50 65
24 66
53 67
31 68
65 69
18 70
31 71
29 72
67 73
23 74
38 75
56 76
65 77
56 78
45 79
69 80
51 81
20 82
66 83
58 84
31 85
77 86
2 87
84 88
26 89
22 90
89 91
4 92
8 93
37 94
31 95
7 96
84 97
48 98
47 99
39 100
43 85
19 96
44 75
1 65
16 52
3 79
9 24
46 79
16 41
4 81
22 42
33 48
93 94
38 87
21 66
14 66
34 97
33 36
70 75
4 58
21 49
39 46
68 95
23 56
70 94
41 79
38 65
20 87
5 19
20 55
30 50
1 68
53 61
12 47
77 82
27 29
12 34
4 46
33 78
48 68
6 62
76 80
11 91
92 96
12 71
28 92
42 90
71 91
74 90
1 32
76 87
66 71
1 75
38 86
17 80
56 97
61 65
44 88
31 48
26 86
38 55
61 62
70 82
86 93
15 32
6 76
3 56
94 95
25 99
22 64
34 91
28 89
68 85
67 86
95 100
3 21
9 97
72 100
37 80
48 75
29 36
40 88
6 15
13 56
22 53
23 63
15 57
16 91
4 8
22 78
37 81
52 74
57 96
63 78
13 87
16 76
26 75
4 47
15 82
24 77
22 31
27 74
17 30
17 64
9 96
23 38
6 13
3 23
41 74
28 85
3 89
39 94
58 77
81 85
87 94
49 57
5 66
39 91
2 65
44 86
18 78
36 50
23 31
58 82
17 67
1 33
82 85
8 55
26 69
57 85
19 84
17 71
52 88
13 44
40 52
71 82
34 47
21 60
63 86
33 55
11 58
39 58
6 37
9 71
9 70
14 74
30 84
13 43
29 32
16 62
8 15
60 76
38 77
36 51
24 96
25 26
16 79
61 76
38 63
11 68
21 48
61 79
8 94
6 90
26 30
48 82
22 25
20 56
59 66
22 87
15 90
31 96
15 24
3 11
96 99
4 91
14 37
27 64
7 93
90 92
34 71
4 43
22 83
87 92
38 50
39 57
10 60
67 85
3 66
41 57
27 57
14 88
5 95
9 77
1 30
51 76
5 15
12 52
15 37
21 56
49 55
78 91
6 18
63 85
48 62
4 86
7 24
82 91
58 70
21 34
14 96
26 82
65 99
40 75
19 65
10 26
47 88
31 43
84 90
23 62
66 87
2 54
75 97
18 33
86 91
58 65
18 35
14 64
29 31
30 88
65 66
35 43
47 100
78 85
72 83
27 97
43 73
41 64
30 65
53 86
48 86
34 79
16 86
9 11
72 81
65 87
73 89
14 23
13 81
79 93
47 66
14 49
41 92
2 95
63 94
15 25
1 89
1 78
40 43
5 91
13 68
1 71
7 48
40 42
47 52
39 79
47 64
26 41
14 47
19 24
8 57
62 63
54 87
15 47
38 95
47 87
41 55
2 68
65 82
60 94
32 83
16 57
13 39
27 34
9 18
55 93
69 71
14 84
54 66
12 86
9 29
39 51
2 77
59 76
38 88
4 76
37 74
47 94
47 81
5 77
40 57
11 85
2 48
18 65
61 94
47 89
22 65
14 54
80 91
51 90
37 73
39 44
8 79
67 83
53 99
28 52
27 68
23 71
12 48
56 85
37 38
44 82
49 65
18 61
14 94
17 55
19 87
21 28
3 55
10 39
82 93
10 52
28 95
6 50
55 78
1 21
16 30
46 60
48 53
4 88
18 90
29 52
14 58
51 82
16 100
76 98
22 48
59 61
55 76
73 87
90 99
19 21
11 15
26 90
25 62
19 88
36 78
78 87
81 94
19 99
42 93
30 59
47 75
30 62
65 94
69 93
4 19
11 66
33 80
22 54
3 34
2 53
1 92
52 79
15 63
6 83
36 80
48 97
99 100
30 91
16 98
16 64
27 28
21 36
50 85
30 35
7 80
42 59
18 100
47 98
60 70
4 41
48 64
3 62
2 29
2 89
4 97
42 84
28 88
6 93
26 67
72 82
18 32
22 81
19 97
8 17
9 78
4 60
12 90
18 87
7 30
13 37
67 81
56 95
62 95
56 69
32 69
31 65
15 54
35 41
9 20
22 52
28 90
26 96
22 84
23 37
22 86
16 58
62 99
23 48
39 81
15 49
52 99
53 63
55 98
23 89
57 92
30 44
1 24
23 73
46 88
32 98
8 71
28 64
48 54
78 93
36 38
7 34
6 34
88 89
70 73
13 35
56 58
30 86
12 84
91 96
1 49
28 41
23 60
5 89
16 77
77 81
20 36
45 69
45 70
59 84
11 93
26 44
81 82
30 67
5 12
10 50
63 70
42 89
25 80
7 12
31 59
1 31
33 53
40 70
84 94
47 56
1 29
24 99
6 94
51 98
29 99
13 47
19 64
68 93
35 65
58 94
55 88
10 73
15 81
35 75
10 74
54 92
35 39
42 66
29 84
25 88
6 17
36 45
15 69
30 71
36 69
25 48
14 76
36 81
60 96
96 98
62 93
16 27
9 57
8 13
15 44
79 85
41 75
13 95
1 99
40 89
8 52
12 42
68 98
45 50
32 78
41 83
33 90
45 81
43 74
49 52
22 94
28 30
37 62
32 81
8 43
6 27
60 89
29 87
9 13
12 70
23 53
54 72
24 72
43 92
6 47
7 27
80 85
4 80
24 34
25 42
20 49
34 55
2 79
28 42
21 51
6 59
21 22
35 44
32 34
54 57
66 70
18 62
31 89
21 37
12 19
74 95
44 48
15 48
17 61
30 33
46 68
92 94
4 17
37 53
35 97
7 81
73 85
22 49
31 70
49 88
55 86
52 66
3 45
81 86
28 62
25 78
10 30
23 99
16 78
49 89
46 59
35 56
29 78
17 36
3 78
26 84
48 92
20 63
49 94
5 82
6 52
45 89
5 75
11 22
27 51
58 95
50 56
4 67
4 25
2 49
51 67
11 64
18 80
37 83
12 44
44 73
13 100
3 59
54 65
7 35
1 67
27 62
44 83
22 66
29 79
7 20
28 97
10 75
12 54
46 62
18 96
8 32
35 94
39 61
12 26
7 94
41 90
34 38
21 35
33 92
7 36
20 28
72 87
46 93
33 74
19 54
11 77
4 31
22 85
40 92
24 74
34 46
64 96
8 21
36 83
11 48
19 53
36 100
3 58
70 88
10 96
44 87
56 65
2 82
76 91
58 74
17 70
8 96
29 46
79 89
54 90
23 85
25 29
77 85
32 35
9 73
5 87
22 76
2 98
21 46
40 83
2 99
2 84
28 55
5 34
24 47
16 65
50 87
87 97
6 63
5 6
33 67
10 20
42 75
24 41
2 37
29 100
21 50
15 29
31 57
54 63
41 66
33 54
20 32
32 67
75 80
31 60
40 82
48 57
1 42
61 66
8 87
60 75
20 45
40 94
52 53
10 95
48 99
47 51
15 17
49 80
19 27
97 98
2 93
15 42
13 57
49 97
70 93
18 51
35 52
32 60
40 77
43 53
22 91
35 36
22 33
8 28
7 19
1 63
60 99
50 76
30 90
32 54
68 70
65 72
14 73
22 43
41 80
76 82
38 61
94 96
12 100
8 44
7 89
32 53
31 42
57 63
2 51
24 97
9 10
18 77
14 48
3 80
82 87
20 27
48 49
2 38
26 77
11 23
53 74
14 62
62 100
23 33
28 63
24 84
43 90
33 93
40 71
67 69
26 29
66 100
37 84
76 96
7 82
2 78
15 65
60 65
1 9
60 84
37 75
50 72
64 82
54 99
24 70
10 51
18 89
19 30
61 75
8 16
26 47
75 95
57 58
6 95
38 73
77 88
39 82
48 90
45 53
62 83
24 86
58 91
48 78
11 14
9 16
72 86
1 38
12 91
84 98
3 27
67 95
37 63
3 67
56 60
9 45
46 80
12 56
35 81
62 75
5 30
44 81
20 26
27 100
78 94
64 81
7 50
81 83
32 59
93 99
2 32
7 71
8 12
8 38
39 54
34 64
63 65
67 68
71 77
1 86
19 41
44 93
50 70
2 18
13 86
12 18
29 86
4 75
18 49
42 100
11 49
22 60
5 90
17 96
48 73
2 70
23 59
59 77
93 95
42 52
7 18
15 70
54 76
5 59
66 99
35 49
40 56
36 72
44 97
23 77
43 96
85 98
79 90
31 63
86 92
5 44
76 77
52 64
22 77
11 92
4 39
29 50
8 86
14 21
5 83
5 40
38 49
8 42
19 33
83 84
25 43
12 82
49 66
9 64
21 82
20 54
49 68
21 65
47 54
68 71
62 82
41 51
3 73
52 60
59 69
7 84
18 72
16 23
60 66
19 75
11 44
1 53
21 75
55 89
9 32
1 55
59 83
6 30
78 98
82 98
83 97
18 63
43 93
64 95
62 70
59 89
23 29
23 24
54 95
49 84
73 97
83 96
64 88
46 55
70 92
91 95
42 62
19 94
20 99
66 95
67 80
36 97
56 70
79 100
72 97
38 76
28 71
35 45
23 40
43 54
69 83
16 93
40 84
24 64
27 59
42 78
27 85
27 88
44 45
6 73
59 97
86 94
36 85
33 41
61 83
8 80
83 90
27 81
37 45
9 88
37 98
70 87
14 60
41 69
1 17
10 63
68 75
27 99
10 15
10 79
1 66
32 62
46 99
16 24
6 86
47 55
15 55
2 10
96 97
36 67
1 16
26 98
63 75
44 71
78 97
19 40
44 51
26 60
7 14
67 84
4 89
63 89
56 75
89 97
25 68
36 42
84 92
8 30
31 92
16 26
27 61
23 41
38 74
4 9
28 67
14 16
61 63
86 98
7 65
51 86
10 22
29 70
2 23
6 38
14 43
23 92
11 36
51 83
8 19
77 93
47 80
44 55
45 60
71 80
8 67
2 73
29 80
12 73
20 93
40 48
34 56
34 77
22 41
31 86
2 61
43 61
45 94
5 39
9 51
22 59
59 88
5 85
5 52
84 85
63 74
15 93
14 28
3 84
53 77
11 67
22 97
63 72
60 100
28 74
59 75
4 48
73 75
62 72
37 85
38 89
14 75
5 57
33 40
22 82
2 44
27 77
4 57
34 96
24 30
41 44
71 78
8 68
20 78
1 57
17 42
28 31
8 50
19 39
13 70
13 67
66 67
14 30
12 59
46 92
13 28
54 70
26 62
53 78
5 68
10 18
53 98
15 61
76 93
45 91
39 45
10 31
39 98
21 59
28 68
50 80
47 58
27 69
22 68
50 89
8 56
79 96
1 72
34 52
97 99
30 42
20 80
47 69
52 59
6 36
39 84
23 32
12 67
15 75
51 53
17 88
12 75
57 99
14 19
61 64
75 87
33 38
7 90
94 98
26 37
7 77
66 76
32 42
24 45
23 91
30 41
56 88
9 65
50 51
16 48
3 81
21 88
10 86
79 98
14 45
30 46
30 31
77 92
22 61
43 80
61 73
12 88
65 70
58 64
58 60
62 78
7 32
2 20
9 27
42 96
63 100
63 88
8 62
67 99
27 44
1 59
24 40
32 68
37 42
11 43
54 58
4 22
12 98
61 77
25 32
16 82
3 87
94 97
67 89
52 98
16 81
1 91
32 91
18 52
76 95
8 29
23 70
28 32
60 72
26 91
34 45
83 99
16 38
23 42
45 90
11 56
58 100
31 52
14 97
12 60
5 65
25 55
59 85
33 47
58 68
43 76
36 99
13 73
9 55
49 74
69 87
43 57
60 63
37 54
1 13
15 85
17 89
8 85
44 95
36 48
41 87
49 95
46 97
24 57
98 100
2 91
38 59
40 66
49 50
18 67
32 73
26 95
43 99
13 59
55 81
14 55
30 87
21 47
59 99
72 99
29 51
32 38
52 71
14 39
52 72
4 12
7 23
16 49
62 68
9 34
25 33
61 91
7 53
29 58
28 35
5 22
17 65
73 76
38 78
55 62
3 99
14 69
54 56
21 26
41 43
39 99
31 61
42 73
26 42
68 94
32 46
47 78
2 25
6 10
36 68
7 51
7 47
28 57
17 79
40 60
3 75
14 72
59 82
51 66
41 72
67 75
81 90
54 83
76 86
2 90
36 87
68 84
20 48
35 79
10 72
53 84
14 59
34 67
6 88
1 15
23 88
26 68
16 31
56 62
20 47
19 74
17 47
64 65
28 91
24 91
53 95
29 60
38 92
32 80
18 34
62 73
32 92
27 72
39 74
4 27
28 82
9 68
14 82
4 10
9 66
29 40
66 82
2 9
66 90
29 39
19 52
56 96
14 38
3 71
56 82
36 63
8 41
51 91
76 79
45 49
46 87
56 57
2 88
2 71
35 85
77 96
9 15
51 78
30 34
20 73
9 54
43 70
46 58
83 87
38 66
30 85
21 70
79 84
16 59
78 80
26 80
50 66
43 82
16 72
25 94
8 88
54 96
17 44
12 79
41 60
68 92
70 86
13 15
85 94
34 93
2 13
37 99
14 95
12 63
79 80
12 58
59 93
12 77
50 91
37 93
35 38
23 67
19 32
21 86
52 94
13 77
8 10
35 76
65 91
89 95
68 91
38 43
53 88
14 83
17 97
35 68
32 56
74 99
13 63
50 68
81 93
16 97
15 62
44 84
32 37
54 55
85 92
14 70
7 15
24 37
22 45
31 33
13 29
36 94
85 91
26 27
44 76
19 37
36 88
57 70
34 70
8 9
30 64
53 59
43 98
82 84
26 48
2 7
49 79
35 95
58 83
25 65
28 96
18 27
52 75
2 80
10 61
37 88
48 65
75 99
28 60
23 76
16 73
21 31
51 61
12 32
74 79
29 59
63 73
10 82
16 39
58 79
80 82
4 49
62 92
80 84
50 93
90 100
42 94
20 42
21 33
11 99
37 89
62 74
21 57
16 88
13 21
12 95
29 38
85 87
51 84
80 81
18 56
45 76
19 20
66 94
16 45
69 99
59 68
70 83
10 89
25 74
2 57
8 14
22 58
31 35
22 44
16 74
54 59
8 58
9 83
5 28
11 32
48 81
47 92
26 39
31 84
1 37
6 100
29 33
65 79
33 69
75 78
20 92
10 92
10 59
9 91
47 97
6 61
20 100
74 91
37 52
43 84
14 93
20 29
38 52
70 98
40 67
58 63
21 29
66 96
3 43
8 60
46 76
30 82
58 93
37 64
39 64
7 25
33 57
70 96
18 57
24 83
32 65
17 49
40 86
17 19
26 45
58 89
6 22
35 66
52 83
54 79
6 46
40 98
26 76
56 59
45 66
50 58
3 8
27 71
72 91
17 40
52 67
72 74
15 87
57 82
11 100
29 34
46 98
7 100
68 78
9 99
21 39
38 42
35 64
22 46
26 35
53 57
31 69
37 92
29 98
17 84
25 95
35 70
11 46
62 87
45 77
27 83
8 31
45 51
70 100
18 40
29 62
9 22
36 86
54 64
10 90
4 53
16 80
23 43
49 87
57 77
45 57
29 81
57 71
27 90
39 67
23 44
95 98
7 73
25 46
33 65
31 32
67 92
2 92
70 80
31 79
42 55
48 95
20 31
1 46
27 67
47 65
26 100
9 76
32 57
62 81
39 95
25 93
19 73
93 97
19 70
3 64
48 55
46 63
33 85
57 84
32 99
12 87
13 50
18 74
2 64
62 96
4 95
49 67
16 68
33 63
17 29
18 28
36 39
1 69
8 35
6 54
30 49
5 51
25 30
41 70
75 98
6 98
26 49
45 78
63 67
22 74
53 60
6 92
57 91
53 89
27 75
19 92
5 8
20 89
36 61
5 41
51 55
49 51
34 62
56 99
2 5
53 83
16 34
41 73
19 98
32 97
30 55
33 88
34 75
83 92
8 20
34 89
12 69
5 93
48 77
21 32
23 66
71 84
5 36
17 69
25 82
2 17
21 24
3 53
10 66
41 86
11 71
26 55
28 94
76 97
49 72
41 50
53 97
64 100
19 22
33 42
53 73
83 100
36 65
13 61
27 38
7 29
72 84
2 16
13 19
20 86
16 51
62 86
35 69
59 73
46 96
1 19
8 84
3 28
5 64
29 30
31 90
56 90
36 60
4 78
1 95
34 42
28 36
16 94
39 69
48 72
92 97
85 100
35 91
21 55
75 79
19 81
66 68
75 93
2 67
15 73
60 95
74 96
38 94
61 98
8 48
24 58
17 83
14 53
39 48
30 81
12 68
77 95
15 74
33 56
9 35
17 86
72 77
55 82
62 90
55 91
44 46
20 81
39 56
76 90
24 92
17 99
44 63
19 66
9 19
9 43
45 73
33 91
49 60
71 93
42 43
50 63
9 67
43 49
23 78
42 79
20 67
43 60
1 51
57 62
17 100
46 86
73 94
10 65
19 90
51 52
18 21
14 34
40 47
34 82
71 86
63 68
82 94
92 93
18 69
13 27
13 25
24 50
34 72
6 14
38 60
29 42
11 37
2 14
4 26
18 29
38 82
92 98
29 64
25 60
69 90
44 61
37 56
10 19
21 78
79 95
1 48
50 75
53 68
11 12
56 74
26 94
26 31
16 35
93 100
65 68
51 57
9 25
55 63
74 87
21 68
31 91
59 60
7 66
11 94
44 90
43 68
58 76
49 59
75 91
11 38
24 78
28 98
47 84
39 50
44 98
29 68
47 53
25 98
31 81
11 72
67 98
2 31
39 97
38 53
49 92
16 17
12 83
11 45
40 46
51 54
3 47
5 81
8 99
46 51
33 96
7 79
44 50
45 82
73 100
46 49
33 97
33 75
38 67
12 49
1 4
39 85
14 50
5 94
1 34
69 81
13 62
47 95
10 64
22 63
2 22
4 93
35 42
42 49
74 76
13 72
17 25
79 88
38 80
44 80
69 73
53 81
33 84
83 89
17 54
4 74
13 84
27 98
4 11
10 54
63 69
26 34
91 100
53 92
34 35
25 66
13 52
24 95
4 68
19 80
13 24
39 72
16 85
5 45
9 38
2 69
81 100
28 43
21 25
21 97
10 28
15 60
38 56
18 91
59 72
9 69
26 36
32 33
31 53
18 68
42 53
41 99
6 41
68 89
34 60
37 71
22 96
42 76
10 49
56 61
59 64
35 55
29 43
42 72
19 79
12 51
62 77
56 93
18 85
71 100
22 73
32 95
29 67
56 89
57 89
50 73
55 57
3 96
42 57
12 78
48 74
1 83
46 85
54 85
52 82
39 90
17 48
61 89
16 66
78 88
8 63
9 56
11 69
1 54
38 70
20 35
14 33
77 90
42 64
6 51
73 91
5 70
9 95
12 36
16 71
8 73
52 76
4 16
7 60
58 67
32 63
9 31
22 30
6 69
34 69
61 71
66 75
31 77
12 25
21 62
41 91
52 61
1 100
30 80
10 85
36 53
50 99
33 35
88 94
3 30
33 37
3 17
64 86
26 64
87 88
16 56
70 85
31 73
43 65
10 46
15 27
6 77
69 82
69 86
60 71
35 78
27 46
71 75
45 52
3 25
19 63
58 96
18 99
24 94
39 53
27 94
90 97
17 76
43 97
25 44
34 44
81 92
28 50
75 92
2 74
85 93
8 53
36 52
6 8
11 62
55 70
23 57
38 84
50 90
28 46
42 71
80 97
54 67
72 95
64 85
47 77
43 86
12 85
27 41
69 74
34 78
37 90
15 19
50 52
74 78
21 71
4 71
30 63
27 66
61 72
47 90
55 58
65 81
72 89
15 20
43 62
11 29
25 34
29 83
75 89
14 65
38 51
25 81
79 81
6 25
12 66
22 98
20 23
10 62
46 77
8 72
1 64
13 42
23 30
42 65
40 61
28 66
8 36
63 81
45 99
51 64
7 91
20 44
55 95
37 50
59 81
41 45
20 34
67 88
87 99
58 81
78 99
45 65
40 99
20 70
63 92
41 61
12 99
48 84
74 98
59 80
45 62
74 85
23 50
1 94
14 89
23 45
22 92
27 49
1 58
27 92
3 92
43 45
55 83
75 83
10 56
6 45
30 76
17 52
26 43
77 100
50 82
24 71
4 54
60 69
30 48
51 94
7 83
70 72
2 56
40 85
61 67
34 61
21 67
21 87
38 72
49 82
35 57
58 86
42 63
33 87
18 48
66 89
35 100
81 84
2 66
29 76
4 64
60 82
4 44
10 57
36 98
6 42
18 82
69 84
45 83
37 95
36 57
25 64
25 73
6 35
26 70
7 98
24 28
16 90
19 31
50 96
21 69
26 81
2 40
52 80
57 60
13 32
8 65
31 97
56 92
25 61
44 74
62 79
47 85
89 92
37 69
68 74
7 68
11 13
47 91
16 67
24 53
5 48
45 85
9 72
4 69
34 66
42 92
21 90
30 58
62 71
23 46
38 39
55 79
4 72
47 93
35 40
28 72
4 42
77 97
5 49
42 97
40 54
63 93
35 77
67 71
61 100
15 99
7 70
22 93
46 52
28 99
5 99
56 94
19 82
18 25
48 56
9 80
14 68
21 30
71 76
29 74
49 85
11 52
57 65
77 78
8 78
76 94
14 27
10 29
51 70
32 48
12 37
19 72
26 93
40 50
43 100
14 99
17 56
20 66
33 86
40 87
30 96
9 21
52 84
3 31
4 85
34 88
64 74
7 64
17 63
19 46
16 50
23 93
50 71
36 62
11 89
42 67
52 70
25 86
42 77
59 67
54 68
10 27
42 81
24 51
49 81
18 45
26 59
5 9
14 35
4 83
47 50
4 94
47 48
34 58
26 99
4 45
44 79
59 74
36 70
28 44
3 42
3 40
3 86
42 61
24 80
63 66
1 60
45 68
36 40
7 10
73 96
14 44
55 80
12 74
8 18
27 91
58 73
17 77
4 7
24 49
39 47
71 90
22 89
22 71
21 38
9 61
