1 2
2 3
1 4
4 5
3 6
5 7
6 8
7 9
3 10
1 11
11 12
3 13
2 14
12 15
10 16
6 17
2 18
15 19
7 20
6 21
19 22
19 23
17 24
9 25
19 26
20 27
12 28
1 29
11 30
8 31
7 32
32 33
2 34
14 35
22 36
9 37
19 38
23 39
31 40
31 41
38 42
27 43
43 44
43 45
27 46
8 47
25 48
6 49
36 50
14 51
34 52
33 53
47 54
4 55
25 56
8 57
39 58
37 59
8 60
8 61
43 62
38 63
36 64
63 65
43 66
47 67
55 68
9 69
14 70
50 71
22 72
31 73
6 74
48 75
8 76
32 77
15 78
53 79
20 80
79 81
16 82
2 83
47 84
17 85
46 86
72 87
49 88
41 89
49 90
74 91
27 92
35 93
39 94
25 95
30 96
8 97
75 98
96 99
31 100
31 101
70 102
102 103
64 104
60 105
94 106
4 107
64 108
6 109
90 110
94 111
30 112
19 113
47 114
77 115
90 116
17 117
59 118
114 119
65 120
104 121
25 122
39 123
117 124
42 125
45 126
95 127
107 128
115 129
31 130
65 131
127 132
30 133
93 134
114 135
71 136
35 137
45 138
11 139
33 140
20 141
64 142
87 143
113 144
138 145
28 146
61 147
110 148
46 149
25 150
77 151
117 152
100 153
36 154
89 155
94 156
96 157
60 158
151 159
40 160
82 161
92 162
32 163
140 164
115 165
4 166
154 167
138 168
38 169
9 170
125 171
15 172
62 173
55 174
47 175
7 176
49 177
21 178
127 179
100 180
52 181
129 182
95 183
145 184
108 185
4 186
152 187
23 188
71 189
121 190
22 191
93 192
17 193
18 194
95 195
114 196
152 197
157 198
150 199
115 200
104 201
102 202
130 203
75 204
35 205
159 206
27 207
96 208
6 209
164 210
147 211
103 212
14 213
47 214
110 215
127 216
150 217
50 218
25 219
109 220
94 221
178 222
39 223
35 224
125 225
212 226
10 227
180 228
160 229
161 230
49 231
25 232
17 233
28 234
182 235
124 236
120 237
125 238
227 239
51 240
151 241
182 242
61 243
157 244
43 245
5 246
173 247
186 248
120 249
185 250
163 251
21 252
111 253
21 254
203 255
115 256
222 257
5 258
21 259
136 260
162 261
11 262
40 263
217 264
65 265
209 266
176 267
10 268
94 269
265 270
75 271
93 272
121 273
262 274
130 275
192 276
38 277
121 278
208 279
183 280
116 281
50 282
72 283
41 284
280 285
51 286
242 287
118 288
143 289
100 290
250 291
142 292
214 293
12 294
226 295
172 296
119 297
204 298
190 299
37 300
220 301
22 302
116 303
177 304
45 305
173 306
159 307
214 308
13 309
102 310
58 311
57 312
280 313
313 314
87 315
8 316
125 317
54 318
14 319
111 320
270 321
260 322
153 323
161 324
176 325
51 326
257 327
295 328
10 329
329 330
169 331
165 332
142 333
120 334
57 335
284 336
179 337
49 338
5 339
253 340
206 341
60 342
339 343
27 344
55 345
108 346
70 347
215 348
192 349
322 350
80 351
147 352
300 353
182 354
9 355
298 356
339 357
324 358
246 359
288 360
314 361
5 362
107 363
204 364
257 365
354 366
140 367
144 368
62 369
308 370
346 371
323 372
105 373
52 374
196 375
74 376
163 377
358 378
191 379
44 380
27 381
378 382
198 383
59 384
48 385
384 386
129 387
72 388
167 389
101 390
206 391
292 392
107 393
381 394
322 395
383 396
32 397
364 398
267 399
131 400
88 401
147 402
169 403
262 404
267 405
378 406
258 407
293 408
284 409
384 410
93 411
255 412
255 413
145 414
319 415
166 416
267 417
185 418
23 419
142 420
364 421
298 422
100 423
251 424
173 425
352 426
154 427
132 428
123 429
246 430
16 431
34 432
426 433
175 434
238 435
388 436
369 437
271 438
340 439
84 440
409 441
207 442
282 443
334 444
388 445
334 446
442 447
407 448
145 449
154 450
256 451
390 452
343 453
331 454
283 455
301 456
323 457
82 458
143 459
19 460
30 461
328 462
340 463
291 464
25 465
120 466
56 467
394 468
48 469
102 470
22 471
50 472
53 473
468 474
451 475
31 476
206 477
326 478
254 479
58 480
398 481
187 482
396 483
52 484
369 485
408 486
4 487
181 488
119 489
13 490
71 491
472 492
268 493
337 494
284 495
56 496
271 497
45 498
88 499
113 500
65 295
80 437
176 373
56 170
110 455
131 218
36 322
24 149
173 282
443 499
117 186
138 481
57 255
156 311
179 290
214 404
250 276
430 474
349 466
169 180
139 278
174 266
142 415
268 369
230 420
381 399
383 390
128 141
140 345
393 497
242 465
447 467
91 191
290 414
94 417
72 103
84 195
143 431
287 408
283 329
228 308
34 230
375 479
98 435
1 240
38 451
181 363
14 271
284 338
21 358
64 274
262 363
183 346
278 447
166 441
87 186
92 262
97 147
46 352
26 74
385 467
164 432
11 156
91 472
279 387
284 295
98 268
250 382
40 422
20 444
171 294
351 436
155 437
219 338
203 460
145 193
336 427
331 437
164 238
49 111
76 362
302 432
24 483
35 358
235 446
19 72
14 94
208 414
363 418
48 192
316 444
181 342
180 383
23 205
307 367
2 170
172 404
287 411
109 416
170 358
86 119
351 385
386 388
122 168
57 495
219 434
83 493
285 383
435 486
133 206
27 333
292 361
377 441
228 323
18 236
57 199
196 472
149 480
2 350
10 152
330 341
73 290
255 373
219 435
343 430
57 319
85 403
92 427
202 225
72 268
293 387
259 499
198 402
135 150
177 335
118 443
86 89
272 400
280 431
85 485
333 422
72 396
143 330
295 462
335 378
82 483
304 312
297 304
212 298
203 215
134 438
124 296
178 377
290 304
73 335
182 381
4 149
357 372
346 419
63 154
117 292
256 427
285 429
5 357
234 500
241 333
162 368
270 381
168 440
217 271
204 404
60 182
55 459
134 250
36 471
321 428
165 451
350 460
39 228
154 476
107 429
319 467
180 249
60 134
4 328
77 356
245 330
3 476
70 295
92 305
349 415
6 179
301 380
183 288
56 148
18 225
236 401
158 444
125 387
264 398
83 228
20 380
250 408
376 391
213 386
11 285
53 338
2 266
445 496
5 323
25 274
123 324
61 193
166 495
292 411
94 140
200 293
30 219
132 477
255 265
18 353
164 211
149 443
16 248
361 396
205 442
51 249
113 161
122 289
128 484
297 446
17 228
326 499
167 441
110 156
140 227
308 394
230 251
133 402
27 463
324 481
235 273
8 108
25 132
387 412
175 460
64 136
204 242
9 315
112 440
43 475
120 248
218 296
260 413
135 329
97 266
73 347
426 462
349 375
399 415
305 321
144 434
61 434
221 299
353 382
237 475
144 362
106 206
410 443
58 274
264 371
139 471
316 409
118 260
134 296
327 461
258 348
109 218
164 386
326 489
76 306
141 173
311 435
13 272
36 76
45 191
156 317
88 117
297 479
209 269
337 457
133 212
14 206
158 263
73 247
302 332
224 248
25 115
63 216
382 465
88 240
82 299
37 177
56 225
380 473
78 139
60 123
367 383
166 474
82 86
170 398
435 464
206 449
145 163
45 266
173 286
37 65
98 378
352 494
250 400
42 129
63 109
351 469
250 416
403 500
35 263
261 335
14 367
209 307
12 405
147 451
129 424
29 437
263 350
299 441
88 314
173 417
245 338
465 489
50 321
77 404
120 318
268 431
301 317
61 200
324 332
337 410
347 475
18 418
23 67
75 99
186 187
377 428
165 473
327 465
125 245
272 402
275 437
51 318
234 298
4 346
124 246
417 459
10 485
242 422
338 391
152 478
123 317
160 227
337 413
392 420
32 246
55 235
362 405
392 433
266 423
16 153
56 239
42 393
174 493
362 395
135 351
307 308
33 320
64 230
281 321
15 367
42 138
1 371
135 307
195 317
162 411
149 336
353 430
199 221
114 383
79 178
42 109
8 114
327 433
407 471
196 489
60 286
197 397
301 437
206 448
329 481
20 23
309 353
181 188
97 99
310 412
59 289
49 187
19 48
52 197
88 169
108 458
238 489
7 100
214 330
149 261
326 493
395 414
316 394
16 42
76 77
339 473
45 148
460 490
213 461
74 289
53 204
263 320
219 305
19 52
164 258
133 476
82 359
302 475
294 307
273 437
367 472
27 335
148 264
241 335
241 485
208 360
221 480
5 364
223 468
209 410
313 424
56 183
20 271
160 261
149 375
239 409
227 358
140 409
119 155
193 418
234 488
278 425
12 219
397 460
300 314
180 399
313 476
269 466
126 338
242 267
86 238
65 81
306 466
116 360
4 434
46 395
300 335
74 130
63 147
55 306
60 360
238 490
93 295
293 374
304 307
104 305
148 370
79 355
62 127
16 208
7 265
465 480
25 463
261 369
211 427
9 143
40 253
171 470
146 455
4 308
108 250
139 246
55 341
113 436
8 500
303 311
10 27
130 494
200 414
290 489
227 334
132 469
219 331
439 489
188 477
131 495
190 422
210 398
6 486
172 338
362 477
191 248
28 189
112 282
193 312
5 209
153 335
27 45
107 347
86 168
82 312
206 216
82 200
261 327
4 253
24 330
98 210
2 211
295 314
31 251
146 432
154 160
167 417
25 189
206 346
274 416
391 427
181 307
140 193
63 433
159 424
111 351
163 386
198 286
50 351
6 145
13 74
273 353
61 374
358 439
401 427
248 325
106 185
288 459
330 500
51 101
167 298
74 370
15 135
42 361
17 283
217 236
118 215
155 206
150 400
298 403
326 343
96 344
350 476
114 184
9 289
359 394
137 333
400 446
127 349
99 157
119 376
69 260
160 202
49 345
180 403
32 234
123 493
34 337
267 296
95 326
11 376
221 272
39 264
27 448
483 490
19 401
68 269
259 357
223 412
217 268
183 325
81 138
1 181
118 335
120 450
152 440
30 280
151 488
126 316
213 308
298 377
359 377
257 337
179 448
6 274
81 456
145 367
45 392
286 335
268 477
30 462
12 160
210 217
309 427
14 147
58 168
294 415
108 319
307 400
13 367
155 212
6 230
31 152
29 380
4 82
105 354
191 467
31 122
174 260
133 158
109 339
296 318
112 321
153 170
202 476
332 461
5 161
8 53
351 471
54 108
4 309
267 358
27 493
80 144
70 174
263 347
305 418
283 319
113 460
13 33
143 434
87 481
251 430
35 190
120 200
38 421
327 409
86 198
119 346
55 130
96 321
168 392
265 369
17 278
79 402
20 123
362 428
89 421
24 487
334 365
189 398
151 175
41 464
13 369
70 338
62 240
129 184
158 396
117 464
153 160
107 417
240 303
164 447
150 378
56 260
321 444
9 45
80 90
93 423
11 480
43 108
237 353
47 385
263 431
267 428
41 451
267 362
11 162
124 358
39 473
238 471
25 84
334 476
99 267
315 362
244 485
181 373
217 342
248 490
493 495
132 201
131 389
19 439
242 360
86 195
32 50
90 200
32 367
22 28
17 471
66 226
459 482
85 90
121 150
94 169
223 244
163 373
11 261
275 375
24 465
321 493
99 402
267 409
18 115
24 454
276 280
47 298
218 349
365 395
201 479
97 140
313 397
288 349
35 298
109 125
6 345
31 377
53 185
60 231
307 449
28 173
100 341
13 386
234 364
31 394
143 317
194 209
151 462
40 219
251 330
35 369
96 184
450 463
217 269
426 467
284 299
249 315
166 183
15 59
115 429
143 208
38 371
181 497
251 379
253 291
1 299
295 495
77 141
231 373
181 327
14 215
143 156
188 314
54 67
90 137
187 321
377 424
179 227
3 349
253 442
294 346
58 135
199 232
324 497
205 491
184 230
141 292
180 306
65 346
71 251
266 387
185 353
62 437
144 328
71 416
58 440
338 355
185 491
447 458
334 428
112 220
269 406
167 407
312 315
335 383
278 394
95 295
102 462
277 451
446 472
280 303
80 470
484 499
226 319
165 481
214 380
103 281
294 311
446 498
70 93
192 479
26 187
157 180
322 331
381 457
5 82
78 169
151 190
163 227
296 454
204 415
105 412
142 470
328 341
86 142
122 388
83 255
70 198
191 259
285 339
62 484
105 461
37 150
87 264
203 292
63 487
154 469
40 238
128 386
26 169
250 341
22 179
1 398
314 351
358 487
4 13
36 424
18 229
241 396
44 253
126 169
28 279
84 345
245 371
80 267
130 435
356 446
225 291
29 213
192 256
103 310
12 339
65 474
91 240
282 473
38 159
67 371
246 271
54 228
12 105
366 412
203 300
275 288
252 324
413 430
117 263
101 320
348 363
40 281
97 397
240 451
134 377
75 241
53 399
37 226
219 225
54 196
208 238
179 313
7 49
211 243
46 180
92 366
159 183
263 384
177 381
47 452
37 121
59 219
56 292
60 269
261 452
69 146
201 412
17 156
373 474
37 38
193 204
371 394
163 381
43 460
42 355
260 339
299 433
70 289
102 234
186 378
275 495
191 471
190 283
185 258
339 392
96 330
85 301
163 356
34 212
52 128
13 498
38 82
245 289
138 305
213 405
290 442
36 354
172 336
432 475
136 319
158 179
158 335
189 350
1 369
335 466
196 329
52 343
147 280
102 136
185 323
318 411
297 432
87 105
249 330
308 490
157 223
275 402
116 151
287 396
185 229
139 399
286 427
93 384
394 442
73 207
49 158
268 375
226 405
78 457
110 295
32 350
8 166
268 275
114 187
279 324
202 405
179 457
145 377
392 500
227 494
222 389
62 187
52 192
218 284
60 390
59 314
304 457
73 101
148 244
269 305
23 34
202 338
333 446
34 404
50 170
92 282
15 93
107 278
108 416
194 331
371 451
173 488
57 131
443 485
136 350
196 360
324 446
362 430
134 232
289 390
115 202
208 404
204 454
158 399
36 379
130 156
276 414
102 364
312 354
248 434
290 422
133 265
120 347
316 426
191 384
14 326
182 415
308 410
60 339
197 487
184 268
18 174
13 159
58 176
226 425
424 441
8 492
51 217
51 119
202 298
340 459
392 403
40 264
238 245
4 154
456 488
338 409
26 228
99 428
140 171
48 283
329 332
13 111
112 367
70 78
124 129
138 476
308 497
102 410
372 435
347 353
203 458
55 276
41 394
72 200
247 293
223 349
2 169
82 347
1 496
34 355
173 237
406 464
203 279
238 287
150 399
137 294
175 348
334 483
112 352
257 295
90 312
230 487
214 464
94 181
369 452
85 122
446 481
193 233
59 284
213 255
79 429
201 203
347 357
78 197
283 441
63 326
331 340
103 149
216 245
61 412
105 415
67 380
118 432
137 385
30 195
74 403
486 498
181 185
225 470
215 304
269 332
46 184
243 393
4 157
143 152
45 432
174 274
197 346
282 376
35 386
66 389
4 273
9 467
218 297
235 259
21 244
323 409
209 367
109 384
144 424
83 124
147 480
55 106
29 152
219 339
20 230
273 277
164 334
35 371
250 461
358 445
123 259
164 347
7 393
264 430
362 449
56 110
175 353
93 309
224 373
367 461
225 369
241 375
47 372
277 359
118 262
25 468
296 475
79 107
243 265
146 399
35 349
160 263
107 374
52 261
302 353
89 231
301 438
6 185
235 375
346 469
219 287
24 410
81 279
288 377
103 247
150 497
83 371
57 414
143 240
209 359
15 404
142 379
449 486
219 456
178 197
85 176
140 462
146 207
80 93
214 475
428 449
358 436
154 315
38 456
339 382
368 431
375 453
394 466
245 281
257 374
84 436
260 488
97 322
119 148
325 418
26 96
205 355
83 179
86 460
113 325
370 427
280 407
37 346
416 472
459 481
69 472
57 68
147 369
196 419
26 242
241 393
319 481
269 270
48 431
161 471
287 488
42 499
43 490
313 372
353 456
119 402
431 489
63 210
159 348
62 109
70 339
43 76
73 178
148 335
298 468
20 440
27 261
6 372
119 230
348 422
103 367
208 213
192 465
63 278
4 46
52 429
160 358
224 340
145 154
56 295
220 422
236 457
359 404
257 456
55 421
24 41
481 488
160 238
78 426
162 479
153 456
10 192
211 437
275 316
192 339
403 428
194 349
3 240
44 225
238 328
31 232
299 304
448 449
52 465
168 180
23 272
306 448
69 248
267 366
288 335
117 151
400 489
48 248
245 433
62 368
57 497
114 194
73 85
379 480
9 366
129 389
41 374
123 164
1 195
99 326
182 366
58 209
297 492
63 494
338 382
36 394
391 395
317 333
227 321
343 375
193 294
65 76
96 262
202 488
46 100
105 231
360 382
105 278
112 407
62 407
15 47
360 469
164 321
18 343
53 178
391 499
51 200
160 262
126 183
56 291
230 421
280 439
66 458
214 317
86 100
153 245
254 406
31 38
138 359
101 193
337 442
145 405
3 348
379 388
81 497
148 411
313 454
365 494
185 378
78 349
68 484
322 352
25 326
36 345
371 488
127 195
127 156
101 337
114 123
30 283
418 448
110 490
79 352
416 437
138 312
68 297
4 215
96 150
289 460
102 244
15 278
250 305
32 406
129 289
256 445
117 259
25 69
320 482
40 398
88 321
72 148
312 491
55 113
107 268
92 429
300 419
220 475
139 426
393 436
37 394
115 368
148 345
28 53
72 173
77 389
66 122
222 391
236 497
165 430
143 424
254 285
122 296
170 409
131 257
255 330
166 179
56 315
87 250
365 403
222 266
212 396
300 336
128 410
305 498
102 428
11 24
127 368
35 468
145 215
265 408
273 470
64 362
23 278
192 193
18 121
32 143
170 191
315 387
81 485
236 496
31 137
317 386
218 318
84 227
299 332
214 285
209 388
137 394
93 123
291 485
71 270
182 488
180 389
183 463
262 491
175 259
22 435
73 191
111 476
197 495
89 278
85 143
395 478
349 353
10 88
35 245
331 444
197 363
21 97
41 367
21 353
13 437
236 351
113 431
115 305
147 200
296 456
348 455
258 334
282 283
243 258
164 271
447 482
455 478
345 452
11 116
282 292
172 362
85 174
258 275
379 442
95 189
104 207
25 358
78 410
93 278
151 402
160 341
244 474
164 407
226 486
289 324
69 164
89 90
270 436
64 239
208 330
9 313
16 345
180 315
189 374
55 255
145 441
241 255
8 178
247 255
17 453
253 425
219 368
16 312
30 492
177 406
34 99
50 166
214 368
170 229
151 282
98 199
137 374
392 473
418 476
300 485
83 291
57 103
200 205
323 399
157 171
106 444
151 216
200 226
352 367
173 298
181 182
115 273
116 276
213 457
66 486
115 320
166 317
14 142
331 474
121 152
128 228
46 158
38 439
337 396
275 403
300 316
344 436
323 471
89 157
334 356
143 481
97 190
304 402
39 172
301 348
367 500
343 493
52 56
197 255
163 179
193 255
39 332
224 406
33 164
228 421
82 282
111 417
26 466
425 474
284 355
5 151
129 499
332 446
195 328
135 401
72 476
304 433
247 297
234 268
39 263
361 468
250 272
32 61
136 310
130 149
201 345
299 450
8 69
42 437
93 234
209 405
74 243
95 384
102 135
100 353
317 331
183 441
248 424
47 400
33 324
128 478
115 415
309 484
111 430
339 499
93 414
34 491
173 398
226 423
247 385
38 110
119 340
154 379
44 441
34 469
41 56
420 492
72 431
5 15
167 322
63 261
39 174
87 454
348 420
464 470
334 395
198 366
69 417
369 480
26 352
19 427
170 258
117 118
144 228
178 492
11 164
14 47
18 494
78 364
191 487
208 497
355 361
418 430
166 460
112 214
203 286
165 243
15 132
234 278
79 197
8 424
398 429
147 205
280 429
226 500
134 144
187 196
38 409
358 461
278 387
266 292
92 402
147 498
241 343
315 355
198 224
306 358
119 239
166 478
292 359
376 499
303 374
309 375
165 435
212 389
390 470
411 477
165 219
26 377
95 153
66 121
206 399
120 201
200 307
271 398
163 168
272 451
117 278
321 377
20 99
204 380
29 42
107 492
205 267
316 382
181 236
385 445
248 396
473 482
104 119
388 448
142 159
121 182
11 284
17 394
15 191
66 128
124 385
38 495
326 477
338 423
175 475
106 343
370 438
6 122
255 496
52 138
159 302
72 453
83 252
172 203
200 270
144 473
134 221
247 491
158 404
186 247
358 468
329 472
58 118
368 427
32 178
241 421
216 435
127 259
433 466
82 134
183 251
275 443
139 340
9 425
298 442
67 424
305 396
43 88
280 466
63 363
145 408
430 494
136 467
441 472
344 377
2 147
176 498
16 159
138 436
207 279
74 215
284 393
4 475
145 480
36 314
157 319
51 261
303 319
80 372
152 413
441 460
451 492
116 471
41 192
103 159
156 279
86 399
46 265
217 375
197 389
207 416
161 284
142 205
188 448
118 123
21 38
157 329
185 301
61 140
14 171
258 265
338 438
139 173
152 272
109 244
316 447
263 489
139 337
98 202
30 213
273 481
27 500
303 444
212 347
176 320
351 486
98 374
105 451
378 438
114 496
26 339
110 233
160 375
132 308
128 479
27 40
59 293
236 285
330 355
363 385
30 321
271 333
104 394
24 342
253 355
194 225
385 437
171 490
435 483
169 396
41 257
67 282
275 453
295 403
45 376
44 311
88 161
152 237
212 266
155 440
220 280
288 356
109 349
358 423
214 346
349 478
100 343
215 259
392 439
437 487
56 202
233 328
23 317
406 470
159 491
74 261
286 356
314 316
267 359
152 181
81 493
176 454
353 483
44 359
7 29
259 365
99 354
20 78
31 210
222 312
270 294
156 222
15 103
251 416
48 205
402 416
76 166
60 436
184 351
208 268
29 375
315 457
47 261
213 235
90 320
37 94
175 299
365 420
287 402
205 495
34 183
3 399
182 253
73 217
117 161
208 254
358 402
81 419
254 375
232 242
145 155
117 267
1 81
216 436
100 389
150 367
439 440
239 452
24 387
190 318
203 467
195 237
379 456
95 300
359 497
34 384
478 484
138 392
352 428
44 455
168 225
386 461
392 456
52 281
29 145
101 111
40 236
138 495
86 310
158 331
346 363
2 186
225 414
37 336
424 466
155 499
41 228
281 360
168 370
210 322
31 355
180 475
81 252
148 421
170 326
189 260
165 379
168 416
191 388
459 469
278 390
217 227
231 348
2 254
358 433
50 247
94 374
240 448
222 305
66 365
208 340
283 498
41 236
211 367
25 328
25 254
353 441
178 332
64 456
78 462
194 375
101 436
17 436
110 453
118 258
109 178
55 487
170 250
36 269
47 468
46 126
29 406
192 318
172 222
219 294
143 387
209 394
336 489
114 263
411 443
1 14
273 358
273 315
29 101
364 430
106 464
55 110
168 413
21 243
28 344
205 292
56 64
193 260
131 331
177 247
50 309
27 52
219 256
12 251
107 197
36 443
146 413
184 323
104 273
152 192
87 213
378 495
69 391
30 32
280 404
367 447
164 231
251 417
113 220
48 254
16 452
30 447
448 462
8 496
213 294
67 183
209 252
181 321
296 356
261 444
46 309
122 158
148 475
150 186
71 396
153 199
140 258
398 451
146 159
13 355
81 312
20 347
298 480
151 281
113 418
299 454
153 391
29 461
207 305
135 475
129 212
164 416
289 452
88 115
110 425
19 243
119 233
148 313
61 144
282 310
176 296
115 476
198 437
182 205
218 356
12 157
393 415
115 324
405 432
167 349
276 480
156 216
219 280
213 265
35 177
347 480
283 425
53 132
44 210
137 143
36 157
93 287
29 239
181 320
294 488
45 240
318 385
40 289
285 423
303 390
156 402
197 316
228 379
115 417
152 427
115 122
334 467
249 341
102 162
319 412
193 346
30 233
303 462
62 463
208 283
243 425
169 390
63 90
410 452
104 463
43 440
86 472
85 305
122 151
378 471
47 437
223 378
193 373
120 164
41 442
347 396
163 340
134 361
39 178
75 426
158 167
140 166
198 389
25 192
90 341
484 496
392 405
96 319
99 232
186 383
35 182
217 325
113 322
33 134
226 386
240 307
39 463
149 333
274 410
487 497
43 386
141 490
323 428
164 190
22 159
39 364
194 440
3 166
181 440
242 476
35 184
9 300
68 244
107 226
4 275
12 446
480 482
54 487
300 325
153 292
180 435
316 492
115 483
19 318
381 471
170 261
338 448
81 343
339 422
17 349
189 348
21 469
294 448
114 179
185 472
109 161
157 377
191 375
378 466
334 355
169 262
309 324
373 483
138 394
199 365
74 164
347 369
181 323
323 336
65 229
140 404
332 361
169 211
263 374
70 293
52 262
4 222
188 476
414 439
308 344
77 217
408 478
124 143
258 430
42 222
226 403
442 445
257 451
127 322
81 307
166 283
282 426
431 468
108 207
3 270
194 216
93 430
343 484
9 317
362 447
292 360
101 464
308 417
122 315
59 318
279 380
118 300
149 247
100 106
77 130
112 153
119 156
189 355
383 421
97 438
164 332
165 238
184 416
177 480
149 179
129 211
268 389
25 264
91 388
453 498
83 196
145 428
146 280
172 421
72 255
9 126
229 253
132 357
261 463
362 440
45 414
145 185
122 148
157 207
311 322
315 407
278 480
41 438
55 464
83 424
435 479
262 264
124 477
46 330
318 369
102 494
10 102
80 357
326 329
19 53
1 422
126 181
222 476
284 427
51 150
128 353
51 270
17 237
336 400
294 315
274 349
262 461
3 28
229 387
31 176
160 242
326 407
252 419
451 489
103 271
56 351
114 326
270 357
47 389
204 386
41 272
47 201
109 324
118 132
333 459
244 310
209 462
297 452
112 283
78 435
149 337
252 334
97 157
327 495
142 165
167 211
311 440
216 470
419 476
103 201
179 487
317 417
236 500
59 66
133 325
286 470
18 53
99 493
249 432
116 150
7 439
171 423
197 297
42 407
330 431
197 446
63 468
19 198
317 373
349 380
196 278
145 450
331 488
89 463
272 441
108 166
61 269
149 323
27 182
9 275
82 414
173 457
34 83
100 108
55 88
31 135
18 465
51 387
162 491
173 412
18 327
170 341
270 356
251 389
93 420
277 316
82 258
247 461
40 474
95 417
28 422
127 488
281 500
105 481
91 94
175 335
94 341
7 395
150 201
64 173
359 389
153 256
163 309
143 373
284 329
316 392
436 468
127 397
338 346
177 196
151 469
138 259
67 493
56 465
139 325
211 419
11 184
26 45
83 351
162 182
387 464
41 469
122 356
108 307
85 392
276 360
315 349
347 367
2 203
224 420
263 436
141 450
158 390
288 433
160 239
299 475
70 340
209 400
29 330
290 500
270 454
198 493
127 302
347 479
225 243
57 179
245 498
374 432
161 235
129 204
185 391
45 103
400 418
410 484
180 239
57 60
4 413
18 25
107 248
93 146
119 345
122 346
216 440
252 339
92 460
342 489
87 128
237 324
32 458
72 102
231 395
190 371
116 498
1 164
244 249
228 348
75 393
31 141
262 367
216 391
258 401
129 256
193 498
193 202
183 378
198 307
348 368
68 120
372 373
11 340
357 449
311 430
161 434
314 397
235 342
77 396
142 462
201 420
75 195
22 486
275 477
132 486
94 483
56 384
155 313
200 393
221 280
224 496
141 374
49 147
32 369
47 126
37 141
350 433
261 487
14 113
211 270
128 419
22 123
246 316
164 440
232 356
235 480
4 489
144 147
140 190
185 303
147 258
76 137
181 252
28 414
182 310
250 479
88 356
12 268
329 345
234 266
278 477
53 264
307 348
122 434
325 459
22 289
114 257
228 287
144 296
434 497
143 157
433 473
280 324
83 415
268 417
75 461
316 460
91 372
163 180
184 413
386 446
136 308
228 245
332 357
59 164
227 241
459 495
85 427
20 79
86 173
142 225
203 492
125 445
80 465
26 302
199 485
204 408
377 392
102 239
414 429
221 279
46 332
248 348
149 377
366 381
121 455
290 444
34 293
191 327
238 365
162 455
376 497
23 185
230 452
21 75
75 312
393 408
287 384
239 464
69 271
156 180
60 70
324 363
109 440
53 303
24 298
188 460
260 291
192 360
388 393
100 136
79 326
161 314
10 348
55 490
71 222
250 320
132 320
93 109
241 453
71 329
123 421
113 338
47 304
64 327
40 388
59 152
363 463
10 275
243 444
451 457
8 230
38 259
220 357
28 37
187 373
264 498
183 324
13 131
82 349
7 74
26 394
112 401
167 201
28 385
319 405
181 423
280 440
357 420
231 296
311 340
303 478
6 347
317 471
17 385
2 115
358 359
41 279
152 224
256 320
186 222
214 456
18 292
383 441
63 418
97 458
6 424
226 488
194 294
258 330
185 189
144 468
425 480
367 432
399 443
12 221
82 393
28 447
104 367
130 451
154 453
30 118
140 145
243 431
133 183
350 457
164 182
64 375
214 499
184 325
172 481
183 211
115 366
361 395
172 211
63 289
83 114
335 449
308 322
25 55
86 243
227 339
83 441
354 384
170 373
329 412
85 323
302 383
88 372
364 400
32 116
9 397
26 305
351 417
135 324
87 120
89 496
105 360
231 307
3 61
13 203
5 275
292 346
330 425
159 171
477 495
82 317
284 320
78 307
449 479
132 186
69 348
58 380
54 467
54 153
88 494
303 437
456 473
248 256
143 337
455 472
9 14
16 194
320 348
99 193
77 464
73 330
160 280
350 406
274 434
20 438
4 457
234 389
298 419
103 459
222 421
175 491
348 424
14 205
205 337
200 499
87 209
160 338
48 497
208 398
5 117
300 461
6 215
54 343
288 475
103 275
123 271
211 384
276 323
342 343
17 263
29 238
208 329
184 313
129 287
295 356
139 332
450 485
69 247
50 423
146 149
94 237
37 129
64 473
281 315
5 182
366 396
92 353
442 493
274 333
276 342
91 201
52 162
199 306
1 390
388 430
38 53
130 371
46 416
149 404
88 267
157 492
143 464
162 323
60 266
425 449
49 175
67 201
182 432
201 276
140 212
52 215
350 477
356 474
327 484
22 394
117 424
295 494
63 451
260 365
122 264
212 311
192 497
309 412
320 384
122 170
128 418
170 296
48 242
18 322
288 408
248 456
343 467
6 483
123 301
42 48
11 176
170 281
407 429
125 218
46 375
53 456
86 431
112 442
187 275
61 167
344 471
335 495
127 209
54 380
453 492
406 437
17 19
105 356
450 471
87 390
232 344
85 138
43 171
91 333
34 296
145 453
365 423
210 496
202 336
117 388
13 373
210 497
74 335
88 293
46 329
259 281
322 327
261 440
126 443
131 424
361 462
58 84
23 387
99 407
164 251
128 298
470 487
372 438
67 185
130 239
208 349
23 245
14 28
92 223
323 467
306 389
122 181
36 362
373 466
1 414
123 363
328 480
281 425
51 204
114 483
84 476
193 223
156 209
28 437
253 450
168 184
409 494
340 394
4 94
81 151
280 473
4 264
357 481
98 445
146 292
13 261
207 443
315 360
65 241
221 408
32 457
374 434
206 244
124 264
10 251
239 249
444 454
84 454
155 278
49 310
30 44
86 489
55 321
329 357
227 500
71 202
68 374
15 194
277 431
173 190
230 327
31 439
27 254
18 354
211 349
247 466
49 53
7 466
413 451
371 374
172 218
197 264
345 448
44 341
297 349
62 494
90 140
380 432
52 359
24 97
254 293
82 489
74 236
384 442
85 280
220 405
273 338
303 449
26 491
84 194
81 332
108 149
283 492
4 280
60 292
170 437
233 410
91 366
140 487
76 495
10 120
179 493
19 184
68 132
84 132
170 465
272 311
470 478
194 323
103 116
92 120
233 288
149 399
424 431
147 493
36 101
65 479
32 42
95 456
82 215
5 81
122 342
42 175
35 469
81 396
244 488
36 468
151 305
36 337
294 310
44 482
286 384
467 471
248 364
105 172
67 366
401 492
139 481
98 241
63 169
42 263
172 477
8 340
149 192
467 495
73 181
111 216
102 121
60 81
233 270
37 191
89 495
439 500
230 470
96 264
215 373
84 225
35 313
39 76
99 310
161 186
361 471
110 222
387 389
402 485
219 484
176 195
233 297
361 445
134 481
125 498
119 259
138 451
159 419
58 359
376 384
293 485
115 144
157 309
26 183
113 395
144 402
7 223
87 447
266 376
19 450
103 440
12 166
449 495
242 388
81 276
297 416
67 170
74 499
110 383
32 55
133 208
149 212
8 206
447 495
361 497
10 64
227 390
8 199
26 55
62 83
176 427
133 407
99 177
419 425
48 236
141 338
332 460
10 291
68 351
70 417
299 388
191 325
230 379
40 372
371 438
259 457
14 58
170 243
234 239
127 295
352 391
10 406
164 419
53 349
160 406
274 487
346 486
9 469
58 416
128 212
10 154
176 370
12 313
210 434
166 490
219 497
78 254
266 490
29 41
257 480
54 240
199 237
196 484
361 362
137 246
279 481
231 425
181 410
39 298
195 469
107 488
76 169
34 330
125 310
16 191
87 251
175 204
259 395
76 181
112 314
113 470
72 389
232 253
367 414
155 322
27 268
93 245
204 301
91 498
71 295
287 313
320 399
145 347
16 337
91 497
124 498
97 173
38 218
139 431
224 270
271 359
173 387
58 398
420 467
71 461
7 369
40 500
204 211
267 297
346 396
174 189
27 287
342 427
98 484
16 370
47 230
237 262
72 330
343 426
133 381
132 386
235 462
165 182
342 365
50 70
306 485
52 209
277 385
302 379
55 377
1 278
69 101
147 159
10 369
155 445
128 308
233 339
164 423
181 425
20 169
178 214
49 217
103 322
109 450
210 424
235 465
115 140
441 477
101 476
82 102
49 270
196 414
189 453
5 106
18 309
182 227
154 181
204 220
30 94
253 368
396 434
149 223
32 377
262 447
185 191
22 101
139 491
338 385
118 405
37 497
7 300
49 186
27 313
344 371
220 246
148 235
120 153
240 316
285 343
133 462
212 371
243 324
206 439
142 300
40 356
340 407
47 463
171 399
16 374
93 280
92 455
229 350
120 191
209 437
51 402
262 263
88 399
120 280
29 176
23 257
76 217
168 499
32 326
26 258
171 419
151 271
163 463
26 388
401 406
73 238
406 494
71 183
282 383
324 347
173 220
149 400
365 382
223 500
20 116
65 271
46 240
53 341
257 352
15 246
78 274
206 355
281 458
44 260
118 409
213 473
135 176
175 480
38 487
24 473
319 359
39 405
178 322
351 411
217 349
50 190
349 436
250 267
170 474
385 413
12 34
235 348
220 281
92 483
174 221
217 280
279 439
11 208
3 352
279 450
22 414
279 351
162 295
215 382
304 420
215 409
241 487
100 480
118 414
322 381
92 349
109 425
81 270
34 92
273 361
197 414
115 300
55 449
170 234
154 401
195 410
302 330
173 326
237 460
133 394
356 458
35 262
415 472
14 413
333 392
93 176
130 373
401 420
27 193
91 150
117 145
152 473
88 458
333 384
46 204
28 388
132 337
274 380
472 478
360 467
159 488
69 486
80 288
17 404
149 315
55 448
333 404
238 410
237 359
382 496
171 362
87 451
96 245
42 351
195 382
329 340
120 272
38 392
207 218
193 320
80 461
409 497
99 357
91 204
56 282
124 209
45 497
309 391
314 372
177 470
242 304
156 475
312 392
170 488
112 259
348 385
103 304
7 134
204 257
149 476
326 403
334 397
103 262
440 448
324 424
146 229
18 412
289 353
294 344
84 340
183 317
365 484
306 483
258 445
298 412
457 488
355 362
391 424
20 289
85 438
275 398
126 401
250 424
216 252
105 247
364 367
49 277
371 500
152 348
29 75
53 172
126 412
41 216
234 299
76 451
242 292
300 322
188 215
111 302
177 436
62 350
167 455
96 100
3 383
103 171
110 428
357 382
336 455
430 444
91 483
101 345
203 275
274 363
235 378
315 364
52 98
69 112
11 467
59 447
50 419
216 335
66 230
226 435
320 327
357 383
22 339
207 425
346 401
85 483
40 331
21 302
192 242
17 134
4 98
57 357
137 318
113 347
40 379
302 468
72 414
117 430
228 481
113 269
127 271
24 192
17 230
167 234
292 468
71 162
247 402
43 196
78 125
8 182
50 266
301 447
81 213
320 495
27 247
227 297
398 400
62 428
52 417
127 477
238 273
203 312
113 301
124 248
379 446
192 401
312 475
249 462
31 395
12 411
460 478
80 108
254 343
54 360
456 483
112 330
63 233
5 149
113 116
55 317
62 355
38 461
47 408
107 217
161 479
108 135
324 384
374 377
6 494
32 405
59 190
173 335
266 434
260 276
273 436
63 294
198 331
307 325
92 194
194 406
218 481
131 398
12 141
210 468
190 310
282 459
360 410
189 256
394 453
149 319
340 415
440 480
21 336
381 479
351 454
186 375
308 412
55 418
212 316
165 357
387 496
123 498
194 217
10 160
107 321
286 474
121 322
95 110
338 352
142 158
158 308
360 438
274 364
397 441
88 239
65 455
40 454
227 258
195 214
95 327
246 427
141 295
60 487
8 468
38 202
31 353
135 205
425 471
281 349
71 80
82 142
150 476
175 432
3 431
137 153
223 324
225 320
209 384
12 246
63 376
153 271
91 265
320 455
219 309
198 265
401 480
77 209
128 302
97 450
157 358
305 359
275 363
125 464
98 447
168 181
346 409
245 257
21 101
148 468
357 476
108 209
46 398
109 259
126 164
318 469
29 106
241 469
58 327
53 330
130 410
318 487
171 216
252 411
488 493
97 180
388 485
20 306
364 374
123 213
454 475
71 391
177 407
293 362
161 171
74 292
53 60
134 445
47 119
88 95
39 389
186 392
65 380
111 139
148 273
428 455
450 489
222 398
28 467
116 401
300 464
3 144
358 434
188 190
232 299
390 397
320 405
252 438
274 403
306 370
110 254
166 482
241 451
397 420
102 337
209 264
80 411
234 446
164 323
185 412
38 108
136 176
225 409
309 323
302 480
209 267
78 477
320 445
332 389
75 415
272 466
393 396
198 211
226 300
351 443
351 391
7 389
378 408
370 499
156 202
17 49
146 262
72 218
60 73
195 497
84 100
325 488
253 351
58 307
363 386
223 391
44 88
217 218
164 370
398 498
77 216
76 130
100 183
34 226
130 438
73 213
48 379
330 447
125 293
18 394
290 460
278 380
59 312
393 422
298 474
214 328
125 251
85 212
61 439
250 351
235 318
17 496
256 267
347 386
173 299
69 324
48 181
33 393
107 156
17 328
439 464
206 272
317 368
424 499
396 452
124 206
53 184
162 296
260 371
166 244
134 418
160 191
158 160
67 99
48 91
122 395
63 303
108 418
252 400
381 416
251 478
152 406
118 159
89 386
93 328
317 461
11 423
52 122
144 469
199 320
248 418
200 450
173 230
164 489
183 295
313 408
92 105
32 48
187 277
108 111
408 432
206 432
305 374
192 376
49 295
48 83
55 182
26 241
38 499
305 307
357 486
158 471
165 467
120 451
201 428
161 214
146 358
96 455
266 430
173 327
61 329
181 216
17 267
247 317
58 412
137 443
90 162
352 381
277 350
12 58
8 487
41 111
72 378
20 82
3 400
132 194
113 444
209 273
76 191
179 350
381 482
230 248
477 485
68 323
262 381
158 359
28 142
474 484
58 426
406 487
38 245
166 432
6 262
41 398
137 255
69 495
239 323
71 111
29 206
3 326
29 323
155 358
39 333
213 409
12 486
68 226
265 289
340 376
97 400
427 472
251 273
146 291
210 321
173 443
71 442
26 77
62 284
221 412
260 300
20 211
80 180
117 231
154 372
122 485
190 391
31 360
217 364
64 233
175 426
323 435
60 421
122 402
202 474
143 184
17 434
332 356
185 287
37 147
154 381
292 436
365 406
54 76
113 379
165 308
15 49
3 302
214 227
61 214
198 407
263 440
13 443
288 340
75 304
325 335
97 359
165 339
200 236
13 190
111 279
18 124
362 479
296 472
286 339
443 457
237 483
197 447
209 373
145 425
133 440
319 417
248 258
144 475
269 273
82 123
16 213
160 292
107 458
106 133
351 418
376 451
187 347
162 276
158 280
53 451
146 496
39 164
413 496
160 371
96 399
21 436
246 283
289 298
7 57
44 439
251 420
127 141
179 274
176 333
223 308
15 28
417 437
31 53
117 299
294 443
119 480
97 110
356 388
52 325
443 476
170 172
403 469
50 161
13 295
121 422
179 249
131 256
234 314
174 486
241 277
89 149
372 500
287 432
123 332
107 309
395 441
160 184
143 255
199 281
327 427
220 277
281 348
356 395
242 406
47 351
344 482
246 387
267 477
196 293
39 256
80 135
105 402
116 321
143 314
278 295
128 287
156 455
8 319
143 249
65 452
110 470
36 387
214 398
74 283
416 486
317 480
25 289
301 440
26 490
183 312
54 96
11 160
50 434
20 48
10 258
60 431
245 414
32 249
423 425
101 415
81 154
98 304
377 390
122 135
222 419
4 279
387 444
403 476
161 449
11 404
135 254
103 398
182 463
91 480
457 498
308 363
169 257
417 450
72 363
49 120
326 415
308 310
323 427
48 410
400 471
419 441
182 250
136 234
219 308
333 412
138 361
73 120
9 80
201 364
116 158
79 105
114 150
67 278
110 168
129 208
51 281
315 498
311 487
387 459
289 377
310 402
140 483
142 418
21 117
183 410
90 272
221 481
264 286
217 371
201 292
461 480
137 216
306 426
123 147
470 484
202 415
90 348
52 134
424 494
18 384
149 258
390 431
162 475
144 406
76 372
244 443
79 209
2 139
136 405
1 49
24 171
79 234
69 98
189 495
22 461
72 278
151 206
120 144
378 420
242 446
154 494
236 443
42 83
133 455
84 320
31 58
265 489
441 499
15 227
180 243
202 351
220 496
6 250
407 454
83 267
77 200
16 303
337 342
28 67
171 308
73 306
157 458
53 166
185 232
218 425
268 290
57 204
42 495
366 432
371 472
105 245
340 403
177 334
188 270
219 387
331 336
146 255
62 201
69 84
17 367
224 309
116 395
162 364
30 267
290 319
70 185
138 433
86 312
45 204
57 73
344 392
20 226
207 328
345 426
10 68
57 105
392 460
407 413
269 316
165 387
370 441
24 405
265 334
276 454
159 220
25 82
236 323
120 468
316 341
230 424
23 310
106 396
172 408
280 308
101 218
271 336
304 391
304 408
351 447
132 432
351 360
115 249
84 392
267 494
271 314
229 493
174 292
252 381
166 286
41 244
187 361
380 385
378 463
274 499
282 500
10 77
13 328
297 485
366 431
19 363
231 252
48 490
253 278
24 203
276 325
124 171
53 187
106 391
343 458
102 176
104 339
228 338
265 395
327 492
73 171
304 355
10 44
216 258
201 490
156 353
5 285
125 479
132 389
57 162
71 487
285 366
444 455
135 330
4 121
234 267
380 447
121 242
414 458
112 445
52 211
128 498
71 319
318 414
56 355
425 452
324 382
313 361
90 393
24 107
341 441
265 359
327 405
305 317
83 123
352 418
280 314
11 270
56 87
257 468
215 277
66 363
79 454
13 187
124 444
12 187
84 215
78 141
162 353
151 249
73 349
173 424
374 472
12 441
175 280
237 420
137 405
165 347
86 122
383 490
32 219
304 358
20 301
85 322
19 76
408 476
73 402
228 311
160 329
229 310
92 386
126 265
75 441
69 273
95 468
265 326
295 358
5 156
26 371
126 484
19 312
402 431
158 397
15 284
100 156
138 391
32 180
152 449
51 191
19 157
13 167
50 67
75 95
368 405
54 449
65 108
419 459
15 114
65 485
288 316
342 402
175 367
192 429
325 339
120 408
255 433
15 449
190 262
135 343
207 354
438 456
16 219
3 117
415 433
186 226
124 234
228 344
56 59
180 356
46 159
125 403
103 206
124 298
409 483
212 400
154 287
144 500
339 404
327 482
114 448
163 290
397 480
293 425
135 446
304 350
279 491
255 494
297 394
62 76
184 474
153 481
20 140
463 488
183 197
236 282
294 434
167 359
14 75
280 331
102 175
342 395
160 330
351 378
175 274
24 101
182 478
16 49
74 375
194 493
26 70
231 254
158 230
61 301
72 83
178 213
244 470
176 268
223 476
253 423
148 155
139 338
53 489
399 499
118 490
50 246
61 327
279 400
135 390
29 464
124 290
256 270
43 163
220 346
139 319
147 443
333 455
250 278
82 462
278 288
149 275
82 316
124 201
36 421
26 33
445 469
89 433
380 495
15 48
6 201
67 227
231 358
158 413
95 103
166 335
38 94
86 400
54 82
11 204
155 478
385 461
322 465
194 327
225 246
277 315
268 311
178 181
105 295
123 495
198 498
115 298
77 366
375 474
160 295
38 337
290 445
233 472
485 490
22 295
230 232
86 272
162 381
39 494
301 365
114 278
74 441
232 252
12 86
64 343
139 417
78 250
329 339
260 487
243 298
57 346
453 494
105 191
118 411
201 485
83 197
353 397
398 460
145 204
