1 2
2 3
2 4
4 5
3 6
6 7
2 8
7 9
1 10
5 11
3 12
12 13
10 14
2 15
10 16
10 17
4 18
2 19
6 20
12 21
12 22
21 23
18 24
20 25
8 26
17 27
15 28
4 29
12 30
27 31
6 32
12 33
11 34
29 35
4 36
18 37
7 38
1 39
10 40
2 41
5 42
27 43
3 44
2 45
35 46
42 47
37 48
44 49
46 50
28 51
9 52
13 53
34 54
43 55
43 56
12 57
15 58
57 59
5 60
8 61
19 62
34 63
50 64
50 65
24 66
53 67
31 68
65 69
18 70
31 71
29 72
67 73
23 74
38 75
56 76
65 77
56 78
45 79
69 80
51 81
20 82
66 83
58 84
31 85
77 86
2 87
84 88
26 89
22 90
89 91
4 92
8 93
37 94
31 95
7 96
84 97
48 98
47 99
39 100
43 101
9 102
64 103
46 104
102 105
51 106
26 107
69 108
7 109
106 110
97 111
79 112
85 113
22 114
33 115
2 116
2 117
8 118
45 119
69 120
18 121
7 122
53 123
100 124
114 125
53 126
10 127
121 128
86 129
17 130
129 131
119 132
95 133
49 134
82 135
6 136
18 137
39 138
35 139
86 140
68 141
89 142
105 143
134 144
55 145
30 146
110 147
76 148
113 149
27 150
62 151
101 152
120 153
130 154
122 155
101 156
36 157
105 158
80 159
15 160
42 161
112 162
124 163
137 164
17 165
37 166
7 167
9 168
72 169
125 170
53 171
66 172
126 173
148 174
137 175
1 176
6 177
6 178
23 179
110 180
58 181
53 182
143 183
37 184
165 185
21 186
24 187
110 188
23 189
26 190
5 191
99 192
62 193
72 194
121 195
66 196
3 197
182 198
52 199
184 200
15 201
42 202
91 203
166 204
194 205
109 206
100 207
50 208
33 209
31 210
38 211
135 212
129 213
166 214
107 215
151 216
197 217
145 218
161 219
52 220
188 221
208 222
16 223
219 224
206 225
206 226
119 227
148 228
53 229
136 230
181 231
174 232
189 233
198 234
198 235
209 236
169 237
118 238
159 239
91 240
214 241
166 242
183 243
227 244
193 245
97 246
44 247
64 248
150 249
113 250
32 251
28 252
185 253
91 254
216 255
182 256
54 257
179 258
189 259
189 260
191 261
110 262
35 263
252 264
263 265
76 266
117 267
13 268
227 269
192 270
43 271
132 272
24 273
91 274
253 275
155 276
218 277
277 278
121 279
234 280
239 281
86 282
96 283
134 284
180 285
28 286
240 287
242 288
23 289
39 290
106 291
193 292
197 293
2 294
104 295
13 296
163 297
204 298
171 299
235 300
219 301
82 302
188 303
45 304
69 305
33 306
138 307
26 308
281 309
32 310
107 311
34 312
261 313
102 314
244 315
216 316
271 317
2 318
243 319
188 320
297 321
210 322
47 323
167 324
58 325
249 326
70 327
1 328
175 329
171 330
62 331
116 332
45 333
20 334
150 335
104 336
182 337
131 338
338 339
129 340
86 341
220 342
93 343
274 344
15 345
128 346
261 347
124 348
112 349
109 350
36 351
336 352
252 353
125 354
80 355
61 356
36 357
31 358
35 359
342 360
280 361
52 362
103 363
30 364
247 365
17 366
338 367
126 368
75 369
235 370
16 371
195 372
87 373
6 374
129 375
102 376
193 377
334 378
40 379
208 380
154 381
180 382
159 383
201 384
264 385
138 386
69 387
167 388
366 389
98 390
222 391
333 392
95 393
307 394
11 395
142 396
259 397
122 398
341 399
160 400
377 401
272 402
336 403
319 404
368 405
5 406
268 407
88 408
285 409
192 410
349 411
25 412
107 413
16 414
308 415
325 416
174 417
89 418
290 419
375 420
347 421
22 422
210 423
140 424
265 425
422 426
40 427
403 428
331 429
122 430
270 431
356 432
73 433
267 434
120 435
182 436
343 437
204 438
184 439
13 440
411 441
18 442
76 443
38 444
361 445
193 446
243 447
324 448
89 449
252 450
185 451
147 452
344 453
153 454
434 455
124 456
405 457
395 458
415 459
51 460
285 461
133 462
254 463
158 464
401 465
432 466
451 467
368 468
453 469
442 470
28 471
144 472
36 473
331 474
390 475
136 476
383 477
391 478
328 479
148 480
467 481
334 482
379 483
210 484
26 485
71 486
184 487
55 488
325 489
258 490
17 491
141 492
290 493
299 494
384 495
206 496
451 497
265 498
129 499
320 500
78 301
40 343
405 491
168 313
101 171
148 207
340 342
52 347
439 479
447 464
226 241
14 147
8 57
462 463
287 454
15 447
95 438
347 487
141 455
2 268
382 465
60 494
132 183
116 157
413 439
327 434
218 409
293 455
69 371
14 484
66 254
186 212
29 209
139 451
77 102
376 459
238 388
104 476
174 237
47 194
147 481
77 105
157 240
285 411
202 348
65 318
94 261
89 347
222 265
114 254
280 291
51 190
137 473
44 139
79 408
67 183
53 399
16 376
52 328
327 368
223 471
12 248
185 356
237 438
82 344
165 249
61 418
130 230
141 214
169 217
124 287
193 221
155 424
7 101
139 186
433 493
233 452
195 367
50 267
139 278
20 301
330 365
289 360
148 314
304 395
190 335
100 152
66 414
101 408
82 375
139 500
276 400
344 348
161 340
21 255
187 188
199 411
19 426
15 161
208 426
362 378
88 425
73 336
78 160
257 294
84 419
86 440
426 493
300 431
130 229
106 447
62 270
294 340
48 69
104 355
12 411
380 498
76 122
3 78
202 447
144 301
59 152
170 215
106 210
11 80
97 444
80 100
130 484
106 216
16 338
181 228
209 221
60 250
330 466
319 380
142 361
128 418
76 347
260 269
152 204
102 464
262 453
202 329
23 389
150 497
142 216
388 419
21 406
226 315
82 377
24 418
119 394
263 466
261 422
50 397
137 297
207 272
393 404
35 308
164 278
104 292
90 189
177 187
35 261
28 307
313 334
480 481
279 495
328 395
244 469
169 374
177 465
11 215
141 328
309 352
209 252
96 190
26 327
195 484
337 441
306 322
358 453
99 457
148 230
139 237
49 147
175 399
263 419
155 294
223 284
292 434
244 252
28 401
186 473
11 146
298 399
71 384
38 177
149 364
165 448
178 489
138 139
81 116
54 107
16 134
304 488
135 173
113 231
58 137
171 386
12 444
3 396
16 249
241 386
23 123
62 407
348 489
116 252
281 424
393 420
90 445
329 370
74 406
184 490
111 281
310 344
221 381
185 389
230 267
12 115
257 350
150 263
109 342
125 399
257 312
131 253
231 320
11 20
92 233
340 478
84 104
30 156
129 372
386 424
106 123
14 98
229 499
281 313
256 390
319 464
68 493
165 435
358 494
55 88
73 210
181 315
71 117
35 275
210 374
82 472
148 482
92 454
122 442
135 439
242 466
429 484
325 488
6 417
245 336
169 415
230 271
269 436
148 425
214 476
336 381
296 460
198 296
93 462
127 216
9 357
8 113
115 344
379 385
41 375
95 313
301 399
140 189
8 52
12 242
198 468
250 445
166 447
78 132
141 483
433 490
45 181
43 74
349 452
294 322
228 430
450 464
37 62
132 381
8 443
137 273
27 306
360 389
129 487
13 109
12 170
23 353
354 472
224 372
143 192
213 395
172 482
227 407
85 480
204 480
34 424
125 242
349 420
155 234
379 402
328 342
21 251
59 306
22 321
235 244
34 332
54 457
66 70
118 362
389 431
137 421
19 412
174 195
148 244
415 448
161 317
30 233
346 468
192 194
4 317
182 251
78 278
64 253
74 497
6 181
385 441
25 130
249 284
270 465
45 388
86 160
337 385
66 419
145 157
281 335
228 344
319 325
410 489
99 308
79 178
389 446
133 159
440 456
378 431
257 476
203 440
326 368
331 366
236 492
120 391
49 202
13 105
88 252
257 487
109 389
68 475
222 263
12 127
249 446
196 358
191 450
104 288
55 204
160 454
202 302
65 268
187 351
23 111
80 107
237 418
344 434
173 232
100 361
189 210
8 342
159 489
54 269
135 452
301 310
274 427
295 344
66 69
29 327
307 495
98 497
163 316
10 135
54 236
14 362
152 318
108 257
174 394
1 461
132 212
13 194
90 201
134 253
337 367
435 449
438 447
325 392
4 307
228 470
372 431
46 262
285 333
104 319
20 277
131 273
185 494
316 492
278 478
274 354
334 495
126 380
264 331
121 171
266 436
211 458
19 203
136 424
4 458
270 320
11 96
58 87
90 465
13 82
303 491
46 458
17 478
43 496
308 329
120 279
154 266
110 185
34 225
147 385
432 448
273 324
5 171
472 476
68 98
18 221
116 431
140 267
299 384
19 402
355 375
14 134
245 481
47 495
197 316
187 221
273 306
97 435
206 268
183 405
33 472
119 410
228 239
321 342
124 172
428 437
229 359
176 350
131 304
115 176
231 340
197 354
66 385
454 488
20 204
132 322
437 475
39 128
152 160
40 192
378 414
398 452
248 288
179 401
196 366
83 87
241 442
8 479
254 375
20 127
91 94
116 211
63 417
171 453
295 400
84 299
45 251
123 217
49 347
242 405
319 384
297 298
246 293
74 415
13 339
297 357
283 493
251 384
52 456
332 350
79 277
159 415
43 255
280 322
136 394
322 455
28 356
95 319
222 416
108 401
52 360
219 476
30 170
54 133
168 444
452 479
21 105
187 377
74 465
173 272
99 222
75 141
82 351
64 138
279 448
90 287
194 328
42 412
108 345
89 372
211 453
164 242
24 324
108 357
63 388
390 451
33 54
161 424
10 303
55 277
58 479
419 499
380 403
287 482
278 329
320 427
322 390
48 49
112 290
338 402
177 426
202 345
211 423
353 474
62 414
262 500
123 133
28 263
97 134
284 424
90 443
133 193
240 371
67 469
124 484
129 426
166 300
184 337
376 396
119 499
306 483
182 407
2 478
265 415
160 165
9 101
360 484
75 237
150 472
295 300
382 464
189 291
99 254
124 370
210 251
289 318
119 430
211 348
261 475
108 316
326 347
195 475
181 337
57 258
74 223
10 474
195 206
34 391
138 373
277 388
239 282
190 448
345 453
162 183
324 486
136 500
91 358
278 348
14 211
209 216
72 486
1 138
191 212
298 484
227 303
167 395
137 463
103 267
456 460
145 409
137 318
146 280
12 56
81 335
162 475
307 338
45 220
330 405
144 381
20 226
200 327
194 378
181 264
206 227
50 107
281 383
59 232
99 193
23 173
2 232
307 471
408 412
208 238
154 439
134 464
65 363
205 377
67 368
87 287
25 271
201 346
284 341
203 414
44 450
50 55
96 248
102 170
213 333
47 106
225 318
136 255
229 448
275 366
109 318
108 143
60 442
264 311
50 122
205 218
17 390
73 120
70 469
4 108
23 228
14 459
162 295
152 349
108 218
216 470
28 76
159 212
104 249
256 344
160 195
172 256
197 219
23 408
43 307
318 393
258 485
5 429
156 439
148 376
56 490
109 163
175 460
186 369
405 439
334 476
64 97
57 272
222 326
192 345
19 239
129 197
218 486
221 467
105 171
405 485
88 249
114 475
208 304
33 372
107 383
325 477
301 412
249 403
45 349
9 304
258 410
121 274
173 254
24 368
87 421
54 391
15 473
393 468
83 262
82 261
165 451
62 303
56 160
211 497
72 469
398 484
131 172
480 488
72 412
16 180
34 466
101 177
319 455
311 409
21 482
55 479
58 132
331 439
59 201
246 283
80 156
134 430
430 436
170 470
98 169
232 467
3 198
61 83
155 447
363 389
143 205
264 438
282 448
143 362
159 465
229 249
23 38
254 307
149 458
173 293
265 383
88 324
293 346
6 270
19 242
130 291
139 142
12 494
44 499
95 272
80 332
36 41
85 103
134 433
70 268
292 400
247 297
276 446
9 24
216 428
51 245
94 223
449 478
243 297
369 403
148 393
340 352
299 324
177 191
55 427
145 378
127 349
389 427
119 444
391 474
11 22
118 206
369 497
54 294
285 406
40 457
4 7
15 241
283 336
66 455
308 346
83 138
48 327
72 388
127 352
239 298
287 457
269 363
239 403
16 266
162 453
51 417
213 263
132 468
139 319
127 208
215 338
310 424
366 436
332 425
3 199
399 463
399 487
287 343
106 324
51 306
59 447
304 415
2 343
126 296
276 367
320 412
6 426
19 189
42 92
97 405
63 294
78 208
175 453
61 144
97 156
154 219
51 118
142 160
415 477
7 59
168 484
4 231
89 315
9 175
289 446
74 225
42 68
217 392
119 130
197 392
226 479
27 426
323 446
138 438
22 204
278 367
215 347
316 403
162 463
86 489
265 327
2 286
210 437
170 389
2 57
114 388
183 499
392 400
17 44
136 227
103 283
54 419
104 377
128 347
61 155
160 470
171 220
308 393
204 473
180 236
112 493
21 203
454 460
89 93
48 342
34 428
118 134
322 400
141 386
337 402
99 128
445 487
353 358
276 499
5 139
51 409
22 159
59 388
305 385
105 452
285 384
174 363
315 393
384 497
14 428
444 487
3 484
72 387
353 477
211 367
222 497
172 363
260 300
30 306
74 428
88 147
186 391
375 459
4 348
73 475
172 362
385 437
338 489
75 314
105 357
33 440
82 222
223 411
212 333
44 402
277 427
157 204
196 334
61 402
24 330
344 441
171 178
168 308
220 378
214 443
101 257
17 442
28 31
50 108
19 339
170 213
313 367
112 157
166 467
126 429
314 430
212 459
92 246
28 413
154 170
426 462
278 453
405 468
118 410
98 453
161 215
212 312
247 293
230 489
145 297
272 345
6 285
9 110
239 353
221 472
128 278
31 80
107 165
258 407
372 469
122 474
150 221
408 449
179 271
55 201
78 212
228 452
75 297
317 330
80 387
116 152
17 75
206 256
13 469
228 429
329 459
106 155
284 452
132 389
205 267
241 380
115 377
375 461
51 105
55 112
199 307
119 239
120 164
467 475
433 487
90 480
190 438
198 286
185 397
37 482
106 177
146 266
332 453
148 442
62 145
91 176
5 250
441 449
6 488
209 309
224 251
16 65
103 234
174 248
61 228
188 350
68 486
243 431
276 360
95 308
282 479
52 114
172 446
275 430
146 254
202 313
203 412
277 292
222 361
180 443
164 219
273 361
12 488
84 139
165 270
60 458
162 178
107 432
130 241
185 468
20 302
27 109
142 296
163 200
438 486
263 488
108 162
44 82
135 445
199 267
127 444
1 459
324 440
168 232
137 242
53 302
28 374
243 311
58 454
22 104
298 312
277 461
16 482
88 364
287 303
94 97
289 467
270 440
98 252
177 382
216 281
301 391
432 491
118 152
116 427
335 456
176 395
87 394
130 319
329 408
123 270
28 32
160 472
26 191
145 402
34 445
283 499
416 438
323 342
28 220
85 136
290 345
211 356
161 466
258 500
152 431
197 314
12 160
5 365
25 55
85 459
33 247
268 458
52 329
276 343
36 399
213 373
209 455
285 311
74 249
91 480
369 487
257 343
460 463
54 337
1 313
85 415
117 389
8 485
144 295
136 448
141 487
349 395
346 497
324 357
398 400
177 407
275 312
102 491
2 377
259 338
140 266
349 450
214 296
67 218
319 424
73 432
226 395
199 243
159 413
181 255
396 476
14 55
30 87
241 435
166 403
321 347
190 479
359 399
272 299
29 51
60 165
232 438
10 331
52 471
239 414
52 172
4 112
7 423
49 316
268 462
34 409
325 433
1 272
61 191
7 453
158 429
300 413
235 428
5 22
117 265
173 476
128 490
153 237
54 492
38 378
46 235
355 362
299 303
255 288
414 469
181 367
354 456
21 426
241 443
99 339
231 261
42 273
342 426
168 394
132 346
347 378
202 425
306 410
268 336
107 251
7 247
22 221
228 257
429 480
336 406
279 317
12 498
181 415
40 160
203 375
314 472
59 82
166 251
272 341
5 357
75 267
66 249
70 231
90 481
183 454
74 343
5 306
122 260
186 376
2 290
136 487
84 268
431 495
317 365
220 448
230 442
235 379
37 380
310 372
153 184
322 376
159 214
234 267
88 406
115 201
88 459
123 488
126 268
124 270
136 150
456 462
247 320
219 274
47 417
7 489
179 385
42 89
164 265
128 391
193 420
324 391
195 253
329 360
238 392
332 480
218 434
124 440
73 362
157 499
39 401
32 492
172 227
39 474
104 227
128 382
109 468
110 114
14 182
4 110
409 466
329 440
282 466
2 109
166 190
240 419
29 239
152 319
117 315
356 496
338 414
303 471
82 156
63 336
241 408
18 190
291 451
76 379
346 387
256 257
88 102
202 471
35 285
68 448
277 296
197 434
9 215
78 451
34 430
273 420
54 409
86 422
443 470
247 347
146 292
258 483
286 385
98 466
138 330
221 285
79 89
244 358
16 199
447 480
216 294
101 326
205 266
82 209
159 276
416 495
2 321
97 104
206 294
305 321
288 296
154 167
107 317
76 330
157 412
160 463
267 367
128 192
371 442
397 467
286 308
126 195
92 215
194 195
62 197
233 293
113 147
37 288
114 357
263 349
225 479
58 364
116 310
387 407
199 459
247 312
191 204
33 337
135 149
129 405
467 495
219 259
236 389
128 389
189 264
477 486
52 194
145 375
192 413
308 408
23 256
263 284
81 262
171 235
65 399
213 289
154 343
33 365
253 288
333 412
71 83
113 197
258 335
44 56
422 499
413 437
190 451
296 490
150 385
482 493
316 400
262 329
163 244
237 259
155 246
178 341
380 492
70 374
16 38
162 194
32 336
360 412
7 231
337 388
245 406
293 309
19 333
22 353
431 433
29 213
89 250
36 494
157 309
30 88
85 291
26 427
266 449
44 276
182 382
122 320
119 137
23 436
254 270
90 270
339 409
18 264
286 359
284 390
98 307
292 442
156 334
17 227
82 317
35 206
212 448
34 407
77 449
191 462
235 465
85 199
283 415
134 325
28 477
318 487
106 186
243 452
342 462
210 280
135 310
15 188
169 397
265 325
175 177
210 275
28 223
213 452
223 409
73 329
16 477
21 347
95 207
311 451
427 432
179 308
23 455
271 429
163 382
283 404
232 440
382 436
269 316
2 134
258 392
352 382
204 351
245 292
126 480
114 405
351 450
104 293
100 371
180 383
77 89
127 372
67 142
220 344
272 407
133 330
20 399
189 490
74 332
359 420
133 157
388 427
49 421
191 495
129 135
230 387
355 484
81 136
159 165
25 356
76 132
269 420
365 426
256 299
292 297
174 294
16 188
199 259
91 368
15 70
64 410
93 155
142 374
120 250
302 495
340 408
185 215
58 390
29 131
105 287
51 344
356 476
146 374
5 59
12 58
3 209
54 340
105 382
110 332
250 348
108 196
47 338
78 226
248 419
82 167
184 442
194 201
166 463
293 406
33 41
165 469
60 233
198 378
92 163
310 385
289 310
309 497
147 206
22 252
19 106
10 300
218 428
74 94
25 152
265 443
165 414
246 278
95 420
252 283
180 365
398 423
274 381
26 63
240 258
96 458
21 61
32 96
103 346
184 421
10 108
176 482
193 430
25 241
5 156
461 493
122 464
264 286
285 407
81 457
396 445
157 227
101 477
124 381
268 293
65 280
162 314
349 362
182 440
217 367
178 200
35 158
45 71
289 397
155 206
66 266
277 383
54 177
106 474
40 479
276 325
156 275
210 245
58 439
56 103
39 171
12 344
5 194
343 398
91 175
40 469
383 452
371 372
227 337
36 257
111 488
333 434
131 498
135 500
47 268
265 337
99 199
68 107
69 421
194 315
40 64
18 138
464 496
205 322
123 278
26 50
10 53
131 306
207 437
25 98
50 73
38 417
97 484
95 235
54 235
447 449
346 434
425 473
62 255
199 448
32 277
390 467
280 383
280 432
49 189
108 374
174 251
53 97
170 443
163 440
165 362
9 451
59 386
2 310
54 319
206 337
81 310
195 441
116 255
72 245
446 453
80 94
421 423
449 497
343 417
77 169
145 493
286 329
171 470
290 357
305 445
314 367
244 391
266 322
5 98
73 225
9 202
146 436
65 134
466 474
68 320
362 491
137 232
175 324
328 367
126 178
92 245
70 485
151 231
55 473
74 264
84 424
318 348
220 422
120 282
195 485
201 347
228 458
114 427
47 184
211 426
157 176
96 332
175 497
217 430
42 462
17 59
334 339
425 460
196 299
283 477
20 419
251 472
93 156
65 179
319 343
269 494
223 357
237 264
255 393
225 346
182 233
82 149
181 457
406 499
47 212
113 373
218 464
90 441
196 304
102 364
196 262
104 195
60 258
184 358
349 367
195 274
216 268
406 495
233 463
29 317
432 483
228 318
267 483
239 336
1 469
8 335
216 230
206 454
14 19
69 126
78 218
30 249
406 493
151 405
270 341
275 298
106 498
26 449
78 245
293 311
363 467
74 122
160 453
406 492
185 392
219 324
225 226
257 391
53 289
175 427
11 467
314 348
219 492
305 308
191 339
120 489
261 436
5 441
51 255
49 251
34 262
199 356
83 453
16 327
3 11
16 34
41 273
19 398
297 332
355 430
88 433
68 170
175 234
429 438
292 383
59 453
320 408
89 334
373 487
248 348
60 312
305 493
367 477
65 321
223 339
440 471
36 101
117 398
129 144
105 325
317 372
76 321
403 409
229 455
457 466
35 241
195 442
71 84
46 497
4 220
148 245
132 229
133 355
451 483
356 428
11 376
38 260
149 306
256 295
241 362
191 325
315 397
9 418
172 464
56 219
133 236
53 95
55 200
324 468
99 236
19 337
110 113
227 430
140 252
102 315
39 158
107 345
142 272
211 434
38 244
57 174
324 416
213 312
20 339
188 461
54 316
117 162
182 215
176 322
235 391
59 456
70 144
173 320
46 434
182 219
160 208
72 195
103 375
5 348
164 434
20 29
31 234
231 467
214 227
157 255
353 390
36 324
45 159
59 204
23 29
60 195
94 477
359 442
230 436
216 311
220 269
348 419
65 228
392 436
185 274
193 291
55 212
131 232
368 375
19 324
66 119
46 175
102 430
173 431
148 354
204 359
89 260
174 497
31 407
90 238
166 461
108 352
324 343
293 462
133 417
53 390
382 448
50 63
122 381
12 36
280 424
417 422
31 295
74 423
79 433
35 296
37 486
402 472
35 455
62 194
144 314
250 281
39 71
190 259
250 392
128 499
44 90
138 219
9 260
43 278
154 199
208 316
45 73
33 404
360 380
90 149
105 471
31 469
42 420
43 343
77 409
49 67
16 283
15 278
186 382
240 422
79 362
79 220
196 360
306 401
258 271
157 436
217 429
146 355
62 273
313 341
325 345
36 310
419 480
451 487
118 320
34 351
467 486
140 496
226 247
22 182
199 468
99 471
280 354
156 368
27 466
70 128
261 273
349 494
25 174
244 292
118 445
213 225
119 325
326 342
150 276
172 442
189 209
160 492
29 337
78 211
51 214
152 272
426 477
31 229
69 182
192 371
164 486
60 133
16 252
281 369
123 344
151 222
437 458
379 419
78 182
25 196
179 227
249 409
25 448
36 196
272 439
132 375
287 399
447 468
113 269
312 341
182 302
105 256
94 176
331 484
449 484
10 221
245 299
170 435
74 419
157 259
70 393
127 158
213 229
194 343
268 393
279 351
9 284
350 400
131 313
205 276
72 302
455 470
208 287
93 497
21 253
382 455
31 331
260 377
60 107
75 486
211 330
199 244
145 466
43 268
158 276
59 249
91 475
262 419
411 438
378 424
121 448
38 350
298 428
147 484
339 350
144 498
29 268
157 171
144 346
447 453
67 452
198 325
133 293
33 185
81 231
301 429
300 336
111 472
323 489
398 467
202 231
216 309
384 490
269 345
139 297
203 475
38 453
122 274
92 449
312 371
217 416
183 312
411 445
40 346
54 251
50 310
203 447
129 238
129 399
205 281
238 352
108 399
51 146
47 226
396 433
7 479
390 481
20 436
368 409
263 386
37 274
26 421
115 424
150 244
414 459
282 445
150 436
73 300
63 428
136 369
33 74
346 349
35 197
33 497
75 433
67 438
162 225
72 463
106 394
4 201
185 239
150 314
205 394
301 434
81 169
132 206
62 413
253 302
53 499
195 347
80 303
64 110
22 263
222 402
71 186
87 362
16 74
344 481
102 390
23 391
102 415
42 435
149 442
76 474
14 153
357 371
420 467
174 243
193 379
66 410
75 268
172 213
188 419
388 416
109 277
317 325
273 370
79 388
241 357
180 438
97 224
280 444
169 173
10 372
153 181
233 384
283 489
109 432
154 217
174 404
13 84
198 327
4 211
40 42
10 154
163 269
226 334
222 358
156 274
191 400
305 387
92 253
235 334
25 266
13 152
87 173
95 224
163 472
49 488
204 368
197 344
219 280
300 426
241 451
13 324
72 339
62 330
16 285
199 408
5 345
409 438
41 186
102 188
1 334
8 279
102 269
281 500
328 343
125 421
121 497
110 428
260 415
467 489
138 356
218 291
8 431
334 335
59 472
58 170
269 309
236 426
33 132
144 386
353 431
32 168
18 368
14 130
42 53
358 470
399 441
298 378
306 341
289 368
160 434
337 371
22 496
76 242
210 349
312 404
9 270
61 256
359 464
35 155
29 43
272 342
279 319
312 451
277 462
193 256
325 404
35 394
118 485
171 300
122 473
295 432
229 267
289 356
157 289
73 450
257 355
171 469
3 296
287 470
91 134
57 442
242 372
446 498
112 378
205 277
272 287
186 241
148 274
229 402
65 102
101 483
304 389
127 207
146 485
231 343
392 496
85 154
82 352
390 439
139 348
150 207
148 417
253 452
161 489
66 416
85 331
191 211
88 478
108 430
8 163
52 353
256 409
11 369
1 192
27 288
153 404
141 423
154 201
70 238
120 235
133 214
277 490
192 201
14 172
42 264
6 251
373 491
5 70
195 209
83 309
126 494
234 472
12 336
316 371
373 408
376 452
304 416
63 457
204 374
156 188
307 334
7 160
158 367
332 463
331 409
230 322
6 269
202 249
234 469
169 435
271 361
166 375
131 177
325 412
62 221
41 491
186 453
261 452
1 400
180 430
20 181
207 396
85 210
353 436
99 150
77 90
33 335
114 364
359 389
126 282
382 394
83 151
288 494
103 230
33 37
3 417
29 38
264 486
2 357
126 364
430 467
87 88
156 216
270 485
431 473
343 465
410 446
70 385
27 415
77 106
182 469
26 442
86 369
371 460
78 433
282 326
78 435
127 446
371 475
45 152
403 425
63 219
158 396
326 435
218 299
159 232
124 294
315 362
239 453
72 99
127 194
190 297
317 376
143 497
2 307
25 444
144 234
92 181
347 492
250 428
267 329
192 375
102 274
122 164
93 385
183 322
253 308
52 236
308 406
85 343
411 462
48 323
212 254
355 470
221 322
288 488
123 178
86 339
206 220
176 479
84 472
60 500
450 469
128 252
142 364
125 477
81 496
329 497
259 459
154 390
377 413
45 444
59 95
19 85
277 420
351 368
86 338
167 334
12 478
208 241
3 254
369 488
250 439
278 317
337 351
61 115
152 432
74 221
321 476
37 353
146 371
63 160
27 82
372 404
125 196
261 490
155 178
366 481
242 268
24 489
178 219
43 419
225 275
11 270
80 296
8 147
33 421
369 434
159 453
48 483
65 275
14 258
451 486
73 325
119 309
39 179
52 298
25 198
66 75
426 467
255 398
120 348
152 410
268 392
118 488
177 417
106 196
39 340
182 220
143 375
264 272
74 119
301 323
401 470
158 242
107 267
73 140
275 374
423 427
251 442
183 240
152 266
336 371
31 463
147 203
87 99
460 500
80 375
273 424
28 264
171 203
212 460
379 471
138 205
180 307
146 203
144 158
239 295
357 441
50 414
59 327
145 422
214 220
125 197
448 499
56 432
381 438
42 100
99 355
37 261
345 398
159 399
16 70
192 263
361 441
199 212
257 309
358 456
22 343
284 348
67 451
274 498
3 59
80 359
93 362
145 462
274 385
231 242
217 325
50 123
46 129
1 494
204 271
114 189
323 445
322 392
227 349
11 366
158 401
46 288
107 419
41 286
303 359
40 118
127 492
170 318
101 153
205 294
92 203
314 373
176 256
45 343
33 431
316 462
355 483
128 268
83 275
54 320
56 410
241 444
345 406
28 368
276 330
47 478
234 360
217 252
326 443
31 486
200 277
87 320
182 250
80 133
251 407
171 224
109 425
18 21
54 304
160 269
248 416
48 430
332 459
114 470
94 151
107 183
270 272
156 402
273 312
140 185
167 361
261 377
161 334
122 321
21 467
21 387
272 438
289 402
155 181
82 349
217 352
178 353
157 235
277 288
128 464
323 441
158 486
101 304
242 363
87 133
18 148
189 466
65 410
13 300
280 419
84 237
184 381
76 250
64 311
266 302
27 181
363 386
159 242
229 376
264 404
160 182
344 404
60 71
371 482
36 435
110 257
174 414
199 218
236 498
242 306
1 13
18 282
184 469
104 467
145 483
137 295
225 464
101 338
6 135
426 470
7 398
24 428
34 101
44 423
363 392
401 458
201 286
9 173
170 421
16 90
231 319
36 453
350 396
121 369
126 481
179 219
235 485
40 402
301 317
304 425
178 256
80 452
68 449
25 248
357 360
13 332
357 496
65 208
275 426
35 95
48 78
159 456
231 397
62 90
42 66
116 268
356 392
361 425
44 374
179 362
247 385
289 392
237 369
277 311
244 275
141 251
68 274
114 160
168 207
11 13
149 297
191 247
216 367
153 324
48 105
85 345
405 440
172 409
116 414
369 404
134 166
189 266
5 334
142 292
26 70
421 490
430 458
262 371
418 485
23 246
311 438
183 236
38 139
138 160
255 479
104 372
93 447
435 440
236 461
428 472
165 279
4 342
30 429
77 297
221 318
181 380
91 371
105 149
97 442
40 154
193 363
109 127
177 435
405 464
175 375
19 471
232 261
401 432
415 491
122 470
2 349
336 419
270 355
294 302
270 284
379 493
46 117
306 433
28 289
5 186
106 256
13 121
94 119
71 329
166 298
204 218
48 318
67 429
87 395
174 264
65 183
175 361
156 239
94 184
227 472
277 372
80 120
114 218
52 121
402 484
408 493
71 277
163 429
249 464
154 452
243 365
80 219
342 414
258 324
177 449
8 490
40 290
206 465
48 481
394 406
94 227
349 382
239 277
6 92
184 211
106 358
62 227
301 424
358 429
99 287
139 281
178 493
282 414
170 217
148 388
162 312
172 463
11 399
315 483
141 402
104 193
50 347
243 251
141 262
149 334
188 456
4 144
66 197
52 240
25 100
356 387
30 62
140 369
233 365
29 233
103 335
30 275
124 387
1 496
119 426
109 446
50 384
368 432
114 131
19 392
104 307
134 450
183 209
295 368
64 432
243 356
356 446
17 444
161 210
60 307
132 263
46 431
36 213
116 379
23 235
66 421
371 392
127 396
262 299
104 121
147 435
89 137
167 456
253 285
55 280
252 301
125 440
142 282
67 316
30 191
297 368
317 354
111 237
204 491
139 327
20 300
106 481
255 319
51 289
222 433
11 288
181 428
102 118
159 298
163 309
235 307
83 303
247 500
249 483
94 444
97 310
266 348
63 458
134 309
199 211
6 195
74 104
279 492
5 294
282 489
125 174
74 89
114 324
442 469
458 470
247 344
120 280
17 40
29 220
102 476
108 390
264 403
5 482
60 303
273 357
403 457
113 423
261 458
180 440
116 166
166 287
200 260
73 193
354 468
65 356
340 447
109 173
36 115
21 207
196 417
147 414
203 258
180 483
74 90
327 358
62 178
52 205
391 455
73 251
277 314
344 476
118 392
207 382
224 435
3 247
182 303
129 371
189 352
119 471
352 367
52 395
21 270
179 420
75 308
9 498
98 260
29 130
214 491
94 244
71 469
216 332
116 313
90 472
11 303
278 323
207 448
437 483
121 384
215 402
455 493
133 434
36 465
89 179
323 374
110 125
220 278
378 449
59 262
277 370
39 366
349 466
363 423
19 271
210 279
129 203
116 140
11 88
19 172
242 369
166 233
121 348
34 371
424 481
367 417
144 302
259 421
13 160
219 335
119 332
202 486
21 430
241 445
497 500
67 433
176 419
204 498
23 114
259 366
282 374
60 394
186 404
453 471
133 195
65 188
52 389
214 282
397 432
131 265
338 481
80 313
261 296
259 427
20 59
324 433
147 438
215 401
190 414
203 455
130 240
110 193
34 497
373 420
84 119
30 57
377 406
239 448
403 410
245 479
185 438
377 382
121 484
59 477
265 387
157 346
206 386
70 351
94 166
114 166
42 313
180 403
217 446
98 276
153 203
73 446
196 220
257 419
224 362
112 174
82 239
315 444
107 420
145 194
89 158
29 271
58 255
50 179
127 339
154 385
62 325
43 171
123 500
312 431
24 426
59 349
290 393
260 461
292 476
207 405
121 449
415 456
21 179
42 275
377 415
62 66
239 245
96 196
300 406
105 310
230 374
10 346
285 438
128 209
181 232
102 462
48 187
109 493
76 168
121 222
330 476
48 296
167 356
86 352
18 106
11 384
270 432
371 450
14 178
412 439
272 277
120 275
313 462
104 332
106 220
38 407
287 465
196 423
210 232
430 448
233 423
52 173
280 320
86 463
106 168
56 134
12 90
249 494
61 461
164 244
60 490
137 368
28 127
48 285
103 359
226 398
97 457
469 483
309 405
69 278
93 136
4 359
184 295
53 206
71 278
294 471
135 488
140 283
17 20
140 158
104 258
140 487
169 386
266 459
130 194
212 402
303 379
4 470
91 332
48 472
11 372
13 400
305 407
223 294
213 259
69 175
154 254
81 494
199 271
5 129
54 88
5 190
94 461
172 335
73 430
142 231
7 488
419 486
66 359
49 198
96 475
225 232
127 185
215 395
229 235
41 414
241 464
159 455
74 135
195 351
185 442
66 192
296 485
481 490
287 464
408 415
181 350
195 269
56 195
168 381
47 318
95 135
323 378
275 436
179 315
114 433
105 146
214 388
81 257
28 166
271 381
171 481
101 471
66 309
247 248
442 452
326 378
99 187
142 213
9 348
199 500
355 497
115 404
225 256
269 453
62 363
261 305
148 495
206 212
151 274
99 385
25 413
307 335
164 435
268 428
165 259
138 298
172 331
90 148
17 470
191 264
346 373
305 342
366 426
121 318
13 418
448 472
51 252
119 253
286 311
138 193
448 496
94 179
101 380
272 327
131 359
68 437
450 474
273 328
170 368
161 308
298 374
95 180
235 325
87 473
335 365
169 230
9 276
144 380
391 445
36 275
336 437
346 398
221 240
79 484
62 264
17 169
276 432
223 295
295 319
268 330
372 474
223 269
160 364
79 207
31 389
60 89
117 224
107 145
102 158
448 467
206 481
214 382
232 339
272 384
216 374
86 116
219 329
339 352
186 229
156 358
139 485
184 233
195 295
192 391
152 294
100 402
25 406
55 73
133 336
243 270
337 361
291 356
38 461
293 389
279 423
109 332
242 262
95 249
424 484
305 379
273 309
202 463
273 450
31 220
245 284
13 485
108 213
20 135
296 483
265 370
140 299
275 443
68 445
209 398
166 394
21 403
168 488
262 333
262 463
165 364
109 301
465 480
103 374
77 377
30 482
150 200
112 182
390 430
63 369
141 432
209 381
131 190
160 474
269 447
303 499
134 402
136 386
216 474
81 120
176 471
163 461
59 231
210 327
32 380
206 397
33 155
79 414
334 397
239 415
144 151
90 274
383 497
388 459
47 220
3 111
50 164
227 386
196 373
82 357
224 436
280 311
1 294
163 344
189 400
200 456
263 306
194 236
120 168
81 476
2 273
96 344
15 297
450 481
272 385
228 313
97 352
41 161
385 436
156 268
107 426
294 332
206 274
158 424
69 266
14 37
110 359
81 94
237 408
187 411
7 267
284 365
395 481
94 214
155 318
360 388
378 496
171 451
246 438
184 488
197 230
98 117
239 449
162 476
174 360
67 221
33 34
70 391
396 474
288 365
65 174
216 452
155 203
18 256
121 211
13 115
201 498
277 356
214 464
42 253
262 322
86 475
153 344
184 266
258 403
133 408
208 423
155 311
287 341
260 397
90 240
364 470
52 304
230 381
13 51
188 359
117 283
197 265
54 440
126 371
10 84
186 279
21 187
265 356
158 380
36 480
182 424
173 495
120 160
399 452
289 418
98 299
130 243
26 33
296 461
320 391
325 449
281 416
49 417
324 401
270 388
193 487
264 296
292 367
342 409
95 436
104 151
11 123
286 323
144 398
74 187
102 143
210 264
223 459
245 288
312 463
64 139
441 453
269 470
84 198
93 291
331 349
209 469
177 330
201 425
74 398
129 157
42 327
20 206
154 224
189 420
4 122
2 110
228 340
288 472
285 374
188 363
32 61
162 387
24 191
170 438
85 277
114 493
246 456
153 295
161 314
41 200
80 439
216 297
331 492
27 360
146 496
4 339
111 140
20 118
45 291
103 174
298 346
290 380
21 291
85 135
25 497
15 172
199 345
56 415
319 385
39 413
15 421
192 238
339 420
286 497
178 355
317 389
329 398
155 363
179 410
38 225
128 451
190 474
411 455
48 170
448 488
228 432
104 359
157 234
14 225
295 447
114 439
43 127
284 319
282 434
86 99
141 153
89 480
238 319
34 195
16 222
218 485
59 417
106 441
65 465
122 141
233 492
1 398
205 246
215 492
239 305
386 405
109 372
124 205
121 204
32 315
251 370
82 264
53 154
50 197
16 311
280 367
71 112
99 156
382 439
20 209
13 453
161 270
96 166
104 463
63 418
37 399
1 30
152 299
214 435
38 216
184 423
480 500
353 422
7 34
159 321
107 306
125 406
237 356
143 467
299 414
344 365
20 129
32 300
125 355
371 415
277 363
346 365
93 249
155 396
152 415
141 364
64 443
25 282
97 272
208 419
107 158
40 423
64 428
102 324
72 496
127 242
276 277
89 430
227 460
10 498
2 21
236 297
169 280
21 147
7 326
375 476
215 230
259 426
104 165
34 323
154 361
49 110
97 208
80 354
15 429
341 386
1 82
164 405
382 434
44 299
178 225
197 253
99 132
210 488
46 143
122 384
28 294
154 198
73 370
73 497
176 250
53 298
44 45
30 337
75 362
118 419
278 326
143 311
7 385
88 297
400 421
242 378
71 139
111 479
26 498
13 415
174 418
303 486
54 267
168 184
72 251
331 369
367 493
90 283
4 159
141 463
387 440
273 447
86 408
319 438
168 392
27 214
59 276
296 329
108 237
33 406
390 416
96 114
203 494
177 259
175 448
175 204
397 482
2 382
188 219
246 454
61 473
28 224
3 353
336 409
106 157
75 191
30 411
148 261
273 308
71 491
101 154
9 406
43 467
167 184
43 415
40 321
203 241
237 357
336 465
148 298
296 425
100 129
160 235
28 120
80 291
149 459
16 366
438 465
56 165
333 402
3 331
59 332
289 485
12 198
105 181
73 417
428 441
274 483
370 409
24 65
154 177
7 95
61 398
196 242
273 408
219 345
59 363
19 454
43 288
203 472
369 410
126 475
50 244
86 474
315 322
60 102
22 111
41 242
313 416
148 310
133 246
32 444
25 163
193 263
70 483
288 320
124 447
49 148
330 464
343 453
146 180
158 197
5 280
71 236
171 477
83 312
140 457
9 194
65 87
449 475
100 184
151 280
186 312
66 425
100 434
114 457
132 418
134 242
152 365
170 182
14 154
60 127
211 266
143 211
81 247
32 249
67 92
95 291
51 229
251 446
86 186
421 489
162 406
326 356
297 464
51 179
183 292
69 195
249 500
254 318
292 394
53 417
231 342
100 466
198 219
183 315
203 454
391 476
32 48
108 169
61 172
246 390
196 233
3 312
209 254
127 294
89 321
237 352
216 447
79 281
37 168
266 401
109 414
7 443
102 357
37 171
33 119
204 482
73 311
278 467
344 417
443 458
324 379
172 298
30 155
126 304
114 178
20 137
349 364
284 454
47 357
130 142
221 250
147 280
270 411
359 392
202 297
103 105
77 156
294 389
156 437
183 218
186 475
55 353
117 355
305 418
109 134
19 122
401 454
147 279
46 133
338 357
55 253
278 279
115 379
368 474
104 287
135 184
41 178
155 378
78 191
103 291
155 384
126 184
109 265
132 482
13 90
197 374
180 274
100 356
304 403
316 457
46 140
169 394
252 344
59 136
441 445
51 283
152 367
128 461
34 471
77 100
18 414
59 96
494 500
425 493
45 230
153 495
494 498
56 497
57 330
166 393
228 337
37 347
94 159
8 153
169 387
332 404
43 461
175 268
395 461
78 329
279 478
99 175
352 405
179 281
95 387
156 310
191 280
324 384
155 293
25 376
1 232
280 295
130 383
187 460
302 410
241 372
233 372
243 285
155 500
131 484
139 421
136 221
277 458
60 94
27 152
446 475
26 105
145 260
41 406
285 385
70 147
290 461
193 225
22 208
274 480
246 292
80 125
183 458
39 332
131 438
414 471
130 481
258 286
402 405
180 411
128 274
263 368
125 424
115 230
425 437
79 197
410 484
66 262
372 455
70 246
249 429
210 386
173 394
108 393
121 335
381 430
7 97
60 202
151 475
225 432
259 450
147 357
151 330
237 270
50 396
203 295
122 316
21 328
64 274
84 247
65 165
53 412
47 179
33 289
323 423
205 206
306 356
261 389
35 327
3 281
12 112
250 268
15 270
95 184
101 145
458 500
304 482
187 194
280 379
131 365
295 384
41 468
72 248
28 457
259 308
170 348
63 389
62 475
392 420
152 247
8 31
177 372
300 476
303 388
451 482
31 116
319 425
90 206
370 479
36 404
57 297
149 428
249 308
52 95
95 274
10 355
136 357
71 408
38 154
12 262
137 219
261 279
288 431
23 494
28 312
221 470
24 91
6 113
170 469
166 497
146 489
371 398
82 488
94 372
281 445
40 122
29 216
27 162
69 449
24 212
74 141
42 169
204 429
181 432
123 204
144 463
60 67
60 464
30 487
55 424
323 448
240 498
47 143
449 451
133 442
274 331
295 304
20 432
82 257
33 105
271 495
157 297
144 190
192 435
278 331
75 466
20 454
228 342
3 219
103 225
219 395
298 491
42 334
194 356
419 481
353 492
28 280
58 104
287 462
30 450
34 395
148 496
30 32
127 439
182 309
159 251
248 377
129 428
132 174
220 431
32 157
236 335
38 345
161 465
199 341
28 146
176 323
197 380
114 274
317 430
176 472
57 205
125 412
46 476
302 462
46 184
8 256
164 298
141 350
67 98
62 391
188 193
100 243
70 463
59 243
1 46
240 340
62 246
66 95
184 340
286 414
43 49
298 461
340 399
14 140
96 486
310 384
382 419
236 382
13 14
213 365
62 267
119 440
28 124
137 338
36 159
30 338
89 115
204 347
366 450
138 189
34 179
40 104
209 435
131 166
105 462
33 438
135 210
261 292
170 375
121 201
277 299
430 454
43 358
110 441
357 458
99 107
408 489
477 488
250 460
409 445
76 220
76 178
223 263
460 482
34 478
117 176
74 462
101 415
144 181
105 297
410 435
307 481
73 197
196 467
207 389
230 307
206 284
103 196
225 423
51 298
69 178
74 79
406 430
71 348
162 249
357 389
170 424
312 407
109 416
73 315
189 388
189 204
443 460
95 484
264 478
278 381
303 406
187 247
296 434
57 176
206 462
122 319
195 350
335 356
41 203
12 378
270 366
231 281
84 469
56 471
110 434
435 447
240 339
327 473
202 424
4 363
423 426
24 437
206 208
233 309
105 410
71 336
38 43
192 253
12 409
87 188
257 382
153 213
47 266
416 448
361 435
96 367
64 319
151 465
267 421
353 453
11 407
213 391
108 118
29 40
124 439
342 435
318 412
180 221
122 258
85 110
245 322
8 120
204 279
50 469
209 319
402 490
57 436
289 326
279 345
25 106
30 208
207 368
188 281
111 171
208 225
148 327
212 300
82 331
71 254
285 291
228 242
255 274
177 233
80 284
16 220
10 146
201 288
226 258
319 479
256 455
65 263
86 167
131 398
61 184
13 491
53 497
171 282
229 358
54 158
315 400
10 444
137 482
349 470
102 208
94 377
302 437
68 272
266 360
279 496
315 349
229 294
358 370
58 282
95 497
75 87
35 191
318 492
25 310
140 255
468 491
23 35
50 93
81 299
64 395
163 323
276 331
377 443
65 323
172 324
231 280
100 175
279 454
179 441
398 433
228 467
118 305
145 350
313 437
215 436
314 371
170 260
282 301
282 356
158 483
130 348
410 436
44 384
128 495
126 285
78 439
17 69
63 355
16 397
113 122
238 438
24 361
56 364
291 312
203 237
190 489
24 442
215 404
452 483
10 454
125 404
331 424
17 139
163 324
238 490
408 453
294 362
256 289
438 457
136 249
80 249
53 196
194 345
56 380
243 423
14 49
